   0.0000000000000000        5.8799999999999999     
  3.00000000000000006E-003   5.8548270000000002     
  6.00000000000000012E-003   5.8297080000000001     
  9.00000000000000105E-003   5.8046429999999996     
  1.20000000000000002E-002   5.7796320000000003     
  1.49999999999999994E-002   5.7546749999999998     
  1.80000000000000021E-002   5.7297719999999996     
  2.10000000000000013E-002   5.7049230000000000     
  2.40000000000000005E-002   5.6801279999999998     
  2.69999999999999997E-002   5.6553870000000002     
  2.99999999999999989E-002   5.6307000000000000     
  3.30000000000000016E-002   5.6060669999999995     
  3.60000000000000042E-002   5.5814880000000002     
  3.89999999999999999E-002   5.5569629999999997     
  4.20000000000000026E-002   5.5324919999999995     
  4.49999999999999983E-002   5.5080749999999998     
  4.80000000000000010E-002   5.4837119999999997     
  5.10000000000000037E-002   5.4594030000000000     
  5.39999999999999994E-002   5.4351479999999999     
  5.70000000000000021E-002   5.4109470000000002     
  5.99999999999999978E-002   5.3868000000000000     
  6.30000000000000004E-002   5.3627069999999994     
  6.60000000000000031E-002   5.3386680000000002     
  6.90000000000000058E-002   5.3146829999999996     
  7.20000000000000084E-002   5.2907519999999995     
  7.49999999999999972E-002   5.2668749999999998     
  7.79999999999999999E-002   5.2430519999999996     
  8.10000000000000026E-002   5.2192829999999999     
  8.40000000000000052E-002   5.1955679999999997     
  8.70000000000000079E-002   5.1719070000000000     
  8.99999999999999967E-002   5.1482999999999999     
  9.29999999999999993E-002   5.1247470000000002     
  9.60000000000000020E-002   5.1012480000000000     
  9.90000000000000047E-002   5.0778029999999994     
  0.10200000000000001        5.0544120000000001     
  0.10500000000000000        5.0310749999999995     
  0.10800000000000000        5.0077920000000002     
  0.11100000000000000        4.9845629999999996     
  0.11400000000000000        4.9613879999999995     
  0.11700000000000001        4.9382669999999997     
  0.12000000000000000        4.9151999999999996     
  0.12300000000000000        4.8921869999999998     
  0.12600000000000000        4.8692279999999997     
  0.12900000000000000        4.8463229999999999     
  0.13200000000000001        4.8234719999999998     
  0.13500000000000001        4.8006750000000000     
  0.13800000000000001        4.7779319999999998     
  0.14100000000000001        4.7552430000000001     
  0.14400000000000002        4.7326079999999999     
  0.14699999999999999        4.7100270000000002     
  0.14999999999999999        4.6875000000000000     
  0.15300000000000000        4.6650270000000003     
  0.15600000000000000        4.6426080000000001     
  0.15900000000000000        4.6202429999999994     
  0.16200000000000001        4.5979320000000001     
  0.16500000000000001        4.5756749999999995     
  0.16800000000000001        4.5534720000000002     
  0.17100000000000001        4.5313229999999995     
  0.17400000000000002        4.5092279999999993     
  0.17699999999999999        4.4871869999999996     
  0.17999999999999999        4.4652000000000003     
  0.18300000000000000        4.4432669999999996     
  0.18600000000000000        4.4213879999999994     
  0.18900000000000000        4.3995629999999997     
  0.19200000000000000        4.3777919999999995     
  0.19500000000000001        4.3560749999999997     
  0.19800000000000001        4.3344119999999995     
  0.20100000000000001        4.3128029999999997     
  0.20400000000000001        4.2912479999999995     
  0.20700000000000002        4.2697469999999997     
  0.20999999999999999        4.2482999999999995     
  0.21299999999999999        4.2269069999999997     
  0.21600000000000000        4.2055679999999995     
  0.21900000000000000        4.1842829999999998     
  0.22200000000000000        4.1630519999999995     
  0.22500000000000001        4.1418749999999998     
  0.22800000000000001        4.1207519999999995     
  0.23100000000000001        4.0996829999999997     
  0.23400000000000001        4.0786679999999995     
  0.23700000000000002        4.0577069999999997     
  0.23999999999999999        4.0367999999999995     
  0.24299999999999999        4.0159469999999997     
  0.24600000000000000        3.9951479999999999     
  0.24900000000000000        3.9744029999999997     
  0.25200000000000000        3.9537119999999999     
  0.25500000000000000        3.9330749999999997     
  0.25800000000000001        3.9124919999999999     
  0.26100000000000001        3.8919629999999996     
  0.26400000000000001        3.8714879999999998     
  0.26700000000000002        3.8510669999999996     
  0.27000000000000002        3.8306999999999998     
  0.27300000000000002        3.8103869999999995     
  0.27600000000000002        3.7901279999999997     
  0.27900000000000003        3.7699229999999995     
  0.28200000000000003        3.7497719999999997     
  0.28500000000000003        3.7296749999999994     
  0.28800000000000003        3.7096319999999996     
  0.29099999999999998        3.6896429999999998     
  0.29399999999999998        3.6697080000000000     
  0.29699999999999999        3.6498269999999997     
  0.29999999999999999        3.6299999999999999     
  0.30299999999999999        3.6102269999999996     
  0.30599999999999999        3.5905079999999998     
  0.30900000000000000        3.5708430000000000     
  0.31200000000000000        3.5512319999999997     
  0.31500000000000000        3.5316749999999999     
  0.31800000000000000        3.5121719999999996     
  0.32100000000000001        3.4927229999999998     
  0.32400000000000001        3.4733279999999995     
  0.32700000000000001        3.4539869999999997     
  0.33000000000000002        3.4346999999999999     
  0.33300000000000002        3.4154669999999996     
  0.33600000000000002        3.3962879999999998     
  0.33900000000000002        3.3771629999999995     
  0.34200000000000003        3.3580919999999996     
  0.34500000000000003        3.3390749999999998     
  0.34800000000000003        3.3201119999999995     
  0.35100000000000003        3.3012029999999997     
  0.35399999999999998        3.2823479999999998     
  0.35699999999999998        3.2635470000000000     
  0.35999999999999999        3.2447999999999997     
  0.36299999999999999        3.2261069999999998     
  0.36599999999999999        3.2074680000000000     
  0.36899999999999999        3.1888829999999997     
  0.37200000000000000        3.1703519999999998     
  0.37500000000000000        3.1518749999999995     
  0.37800000000000000        3.1334519999999997     
  0.38100000000000001        3.1150829999999998     
  0.38400000000000001        3.0967679999999995     
  0.38700000000000001        3.0785069999999997     
  0.39000000000000001        3.0602999999999998     
  0.39300000000000002        3.0421469999999995     
  0.39600000000000002        3.0240479999999996     
  0.39900000000000002        3.0060029999999998     
  0.40200000000000002        2.9880119999999994     
  0.40500000000000003        2.9700749999999996     
  0.40800000000000003        2.9521919999999997     
  0.41100000000000003        2.9343629999999994     
  0.41400000000000003        2.9165879999999995     
  0.41699999999999998        2.8988669999999996     
  0.41999999999999998        2.8811999999999998     
  0.42299999999999999        2.8635869999999999     
  0.42599999999999999        2.8460280000000000     
  0.42899999999999999        2.8285229999999997     
  0.43200000000000000        2.8110719999999998     
  0.43500000000000000        2.7936749999999999     
  0.43800000000000000        2.7763319999999996     
  0.44100000000000000        2.7590429999999997     
  0.44400000000000001        2.7418079999999998     
  0.44700000000000001        2.7246269999999995     
  0.45000000000000001        2.7074999999999996     
  0.45300000000000001        2.6904269999999997     
  0.45600000000000002        2.6734079999999998     
  0.45900000000000002        2.6564429999999994     
  0.46200000000000002        2.6395319999999995     
  0.46500000000000002        2.6226749999999996     
  0.46800000000000003        2.6058719999999997     
  0.47100000000000003        2.5891229999999994     
  0.47400000000000003        2.5724279999999995     
  0.47700000000000004        2.5557869999999996     
  0.47999999999999998        2.5391999999999997     
  0.48299999999999998        2.5226669999999998     
  0.48599999999999999        2.5061879999999999     
  0.48899999999999999        2.4897629999999999     
  0.49199999999999999        2.4733919999999996     
  0.49500000000000000        2.4570749999999997     
  0.49800000000000000        2.4408119999999998     
  0.50100000000000000        2.4246029999999998     
  0.50400000000000000        2.4084479999999995     
  0.50700000000000001        2.3923469999999996     
  0.51000000000000001        2.3762999999999996     
  0.51300000000000001        2.3603069999999997     
  0.51600000000000001        2.3443679999999998     
  0.51900000000000002        2.3284829999999994     
  0.52200000000000002        2.3126519999999995     
  0.52500000000000002        2.2968749999999996     
  0.52800000000000002        2.2811519999999996     
  0.53100000000000003        2.2654829999999997     
  0.53400000000000003        2.2498679999999998     
  0.53700000000000003        2.2343069999999994     
  0.54000000000000004        2.2187999999999994     
  0.54300000000000004        2.2033469999999995     
  0.54600000000000004        2.1879479999999996     
  0.54900000000000004        2.1726029999999996     
  0.55200000000000005        2.1573119999999997     
  0.55500000000000005        2.1420749999999993     
  0.55800000000000005        2.1268919999999993     
  0.56100000000000005        2.1117629999999994     
  0.56400000000000006        2.0966879999999994     
  0.56700000000000006        2.0816669999999995     
  0.57000000000000006        2.0666999999999995     
  0.57300000000000006        2.0517869999999996     
  0.57600000000000007        2.0369279999999992     
  0.57899999999999996        2.0221229999999997     
  0.58199999999999996        2.0073719999999997     
  0.58499999999999996        1.9926749999999998     
  0.58799999999999997        1.9780319999999998     
  0.59099999999999997        1.9634429999999998     
  0.59399999999999997        1.9489079999999999     
  0.59699999999999998        1.9344269999999999     
  0.59999999999999998        1.9199999999999997     
  0.60299999999999998        1.9056269999999997     
  0.60599999999999998        1.8913079999999998     
  0.60899999999999999        1.8770429999999998     
  0.61199999999999999        1.8628319999999998     
  0.61499999999999999        1.8486749999999996     
  0.61799999999999999        1.8345719999999996     
  0.62100000000000000        1.8205229999999997     
  0.62400000000000000        1.8065279999999997     
  0.62700000000000000        1.7925869999999997     
  0.63000000000000000        1.7786999999999997     
  0.63300000000000001        1.7648669999999997     
  0.63600000000000001        1.7510879999999995     
  0.63900000000000001        1.7373629999999995     
  0.64200000000000002        1.7236919999999996     
  0.64500000000000002        1.7100749999999996     
  0.64800000000000002        1.6965119999999996     
  0.65100000000000002        1.6830029999999996     
  0.65400000000000003        1.6695479999999996     
  0.65700000000000003        1.6561469999999996     
  0.66000000000000003        1.6427999999999996     
  0.66300000000000003        1.6295069999999996     
  0.66600000000000004        1.6162679999999996     
  0.66900000000000004        1.6030829999999996     
  0.67200000000000004        1.5899519999999994     
  0.67500000000000004        1.5768749999999994     
  0.67800000000000005        1.5638519999999994     
  0.68100000000000005        1.5508829999999993     
  0.68400000000000005        1.5379679999999993     
  0.68700000000000006        1.5251069999999993     
  0.69000000000000006        1.5122999999999993     
  0.69300000000000006        1.4995469999999993     
  0.69600000000000006        1.4868479999999993     
  0.69900000000000007        1.4742029999999993     
  0.70200000000000007        1.4616119999999995     
  0.70499999999999996        1.4490749999999999     
  0.70799999999999996        1.4365919999999999     
  0.71099999999999997        1.4241629999999998     
  0.71399999999999997        1.4117879999999998     
  0.71699999999999997        1.3994669999999998     
  0.71999999999999997        1.3871999999999998     
  0.72299999999999998        1.3749869999999997     
  0.72599999999999998        1.3628279999999997     
  0.72899999999999998        1.3507229999999997     
  0.73199999999999998        1.3386719999999996     
  0.73499999999999999        1.3266749999999996     
  0.73799999999999999        1.3147319999999996     
  0.74099999999999999        1.3028429999999998     
  0.74399999999999999        1.2910079999999997     
  0.74700000000000000        1.2792269999999997     
  0.75000000000000000        1.2674999999999996     
  0.75300000000000000        1.2558269999999996     
  0.75600000000000001        1.2442079999999995     
  0.75900000000000001        1.2326429999999995     
  0.76200000000000001        1.2211319999999997     
  0.76500000000000001        1.2096749999999996     
  0.76800000000000002        1.1982719999999996     
  0.77100000000000002        1.1869229999999995     
  0.77400000000000002        1.1756279999999995     
  0.77700000000000002        1.1643869999999996     
  0.78000000000000003        1.1531999999999996     
  0.78300000000000003        1.1420669999999995     
  0.78600000000000003        1.1309879999999994     
  0.78900000000000003        1.1199629999999994     
  0.79200000000000004        1.1089919999999995     
  0.79500000000000004        1.0980749999999995     
  0.79800000000000004        1.0872119999999994     
  0.80100000000000005        1.0764029999999996     
  0.80400000000000005        1.0656479999999995     
  0.80700000000000005        1.0549469999999994     
  0.81000000000000005        1.0442999999999993     
  0.81300000000000006        1.0337069999999995     
  0.81600000000000006        1.0231679999999994     
  0.81900000000000006        1.0126829999999993     
  0.82200000000000006        1.0022519999999995     
  0.82500000000000007       0.99187499999999940     
  0.82800000000000007       0.98155199999999931     
  0.83100000000000007       0.97128299999999934     
  0.83399999999999996       0.96106799999999970     
  0.83699999999999997       0.95090699999999972     
  0.83999999999999997       0.94079999999999975     
  0.84299999999999997       0.93074699999999966     
  0.84599999999999997       0.92074799999999968     
  0.84899999999999998       0.91080299999999970     
  0.85199999999999998       0.90091199999999971     
  0.85499999999999998       0.89107499999999962     
  0.85799999999999998       0.88129199999999963     
  0.86099999999999999       0.87156299999999964     
  0.86399999999999999       0.86188799999999965     
  0.86699999999999999       0.85226699999999966     
  0.87000000000000000       0.84269999999999956     
  0.87300000000000000       0.83318699999999957     
  0.87600000000000000       0.82372799999999957     
  0.87900000000000000       0.81432299999999957     
  0.88200000000000001       0.80497199999999958     
  0.88500000000000001       0.79567499999999958     
  0.88800000000000001       0.78643199999999958     
  0.89100000000000001       0.77724299999999957     
  0.89400000000000002       0.76810799999999957     
  0.89700000000000002       0.75902699999999956     
  0.90000000000000002       0.74999999999999956     
  0.90300000000000002       0.74102699999999955     
  0.90600000000000003       0.73210799999999954     
  0.90900000000000003       0.72324299999999953     
  0.91200000000000003       0.71443199999999951     
  0.91500000000000004       0.70567499999999950     
  0.91800000000000004       0.69697199999999948     
  0.92100000000000004       0.68832299999999946     
  0.92400000000000004       0.67972799999999944     
  0.92700000000000005       0.67118699999999942     
  0.93000000000000005       0.66269999999999940     
  0.93300000000000005       0.65426699999999938     
  0.93600000000000005       0.64588799999999946     
  0.93900000000000006       0.63756299999999944     
  0.94200000000000006       0.62929199999999941     
  0.94500000000000006       0.62107499999999938     
  0.94800000000000006       0.61291199999999935     
  0.95100000000000007       0.60480299999999942     
  0.95400000000000007       0.59674799999999939     
  0.95700000000000007       0.58874699999999935     
  0.95999999999999996       0.58079999999999965     
  0.96299999999999997       0.57290699999999961     
  0.96599999999999997       0.56506799999999968     
  0.96899999999999997       0.55728299999999964     
  0.97199999999999998       0.54955199999999960     
  0.97499999999999998       0.54187499999999955     
  0.97799999999999998       0.53425199999999962     
  0.98099999999999998       0.52668299999999957     
  0.98399999999999999       0.51916799999999963     
  0.98699999999999999       0.51170699999999958     
  0.98999999999999999       0.50429999999999953     
  0.99299999999999999       0.49694699999999958     
  0.99600000000000000       0.48964799999999953     
  0.99900000000000000       0.48240299999999953     
   1.0020000000000000       0.47521199999999952     
   1.0050000000000001       0.46807499999999924     
   1.0080000000000000       0.46099199999999951     
   1.0110000000000001       0.45396299999999923     
   1.0140000000000000       0.44698799999999950     
   1.0170000000000001       0.44006699999999926     
   1.0200000000000000       0.43319999999999947     
   1.0230000000000001       0.42638699999999924     
   1.0260000000000000       0.41962799999999950     
   1.0289999999999999       0.41292299999999971     
   1.0320000000000000       0.40627199999999947     
   1.0349999999999999       0.39967499999999972     
   1.0380000000000000       0.39313199999999943     
   1.0409999999999999       0.38664299999999968     
   1.0440000000000000       0.38020799999999944     
   1.0469999999999999       0.37382699999999969     
   1.0500000000000000       0.36749999999999944     
   1.0529999999999999       0.36122699999999963     
   1.0560000000000000       0.35500799999999944     
   1.0589999999999999       0.34884299999999963     
   1.0620000000000001       0.34273199999999943     
   1.0649999999999999       0.33667499999999961     
   1.0680000000000001       0.33067199999999941     
   1.0710000000000000       0.32472299999999960     
   1.0740000000000001       0.31882799999999939     
   1.0770000000000000       0.31298699999999957     
   1.0800000000000001       0.30719999999999936     
   1.0830000000000000       0.30146699999999960     
   1.0860000000000001       0.29578799999999938     
   1.0890000000000000       0.29016299999999956     
   1.0920000000000001       0.28459199999999935     
   1.0950000000000000       0.27907499999999957     
   1.0980000000000001       0.27361199999999936     
   1.1010000000000000       0.26820299999999953     
   1.1040000000000001       0.26284799999999936     
   1.1070000000000000       0.25754699999999953     
   1.1100000000000001       0.25229999999999930     
   1.1130000000000000       0.24710699999999952     
   1.1160000000000001       0.24196799999999932     
   1.1190000000000000       0.23688299999999951     
   1.1220000000000001       0.23185199999999931     
   1.1250000000000000       0.22687499999999949     
   1.1280000000000001       0.22195199999999932     
   1.1310000000000000       0.21708299999999947     
   1.1340000000000001       0.21226799999999929     
   1.1370000000000000       0.20750699999999947     
   1.1400000000000001       0.20279999999999929     
   1.1430000000000000       0.19814699999999946     
   1.1460000000000001       0.19354799999999928     
   1.1490000000000000       0.18900299999999945     
   1.1520000000000001       0.18451199999999929     
   1.1550000000000000       0.18007499999999946     
   1.1579999999999999       0.17569199999999960     
   1.1610000000000000       0.17136299999999943     
   1.1639999999999999       0.16708799999999960     
   1.1670000000000000       0.16286699999999943     
   1.1699999999999999       0.15869999999999956     
   1.1730000000000000       0.15458699999999942     
   1.1759999999999999       0.15052799999999955     
   1.1790000000000000       0.14652299999999940     
   1.1819999999999999       0.14257199999999956     
   1.1850000000000001       0.13867499999999941     
   1.1879999999999999       0.13483199999999954     
   1.1910000000000001       0.13104299999999941     
   1.1940000000000000       0.12730799999999953     
   1.1970000000000001       0.12362699999999939     
   1.2000000000000000       0.11999999999999952     
   1.2030000000000001       0.11642699999999938     
   1.2060000000000000       0.11290799999999951     
   1.2090000000000001       0.10944299999999937     
   1.2120000000000000       0.10603199999999950     
   1.2150000000000001       0.10267499999999938     
   1.2180000000000000       9.93719999999994885E-002
   1.2210000000000001       9.61229999999993617E-002
   1.2240000000000000       9.29279999999994832E-002
   1.2270000000000001       8.97869999999993673E-002
   1.2300000000000000       8.66999999999994719E-002
   1.2330000000000001       8.36669999999993530E-002
   1.2360000000000000       8.06879999999994685E-002
   1.2390000000000001       7.77629999999993604E-002
   1.2420000000000000       7.48919999999994590E-002
   1.2450000000000001       7.20749999999993479E-002
   1.2480000000000000       6.93119999999994574E-002
   1.2510000000000001       6.66029999999993433E-002
   1.2540000000000000       6.39479999999994497E-002
   1.2570000000000001       6.13469999999993465E-002
   1.2600000000000000       5.87999999999994361E-002
   1.2630000000000001       5.63069999999993437E-002
   1.2660000000000000       5.38679999999994302E-002
   1.2690000000000001       5.14829999999993418E-002
   1.2720000000000000       4.91519999999994253E-002
   1.2750000000000001       4.68749999999993408E-002
   1.2780000000000000       4.46519999999994213E-002
   1.2809999999999999       4.24829999999995003E-002
   1.2840000000000000       4.03679999999994182E-002
   1.2869999999999999       3.83069999999994873E-002
   1.2900000000000000       3.62999999999994091E-002
   1.2929999999999999       3.43469999999994821E-002
   1.2960000000000000       3.24479999999994079E-002
   1.2989999999999999       3.06029999999994709E-002
   1.3020000000000000       2.88119999999994041E-002
   1.3049999999999999       2.70749999999994675E-002
   1.3080000000000001       2.53919999999994012E-002
   1.3109999999999999       2.37629999999994582E-002
   1.3140000000000001       2.21879999999993957E-002
   1.3169999999999999       2.06669999999994497E-002
   1.3200000000000001       1.91999999999993946E-002
   1.3230000000000000       1.77869999999994456E-002
   1.3260000000000001       1.64279999999993945E-002
   1.3290000000000000       1.51229999999994390E-002
   1.3320000000000001       1.38719999999993900E-002
   1.3350000000000000       1.26749999999994332E-002
   1.3380000000000001       1.15319999999993882E-002
   1.3410000000000000       1.04429999999994284E-002
   1.3440000000000001       9.40799999999938907E-003
   1.3470000000000000       8.42699999999942280E-003
   1.3500000000000001       7.49999999999938737E-003
   1.3530000000000000       6.62699999999941808E-003
   1.3560000000000001       5.80799999999938657E-003
   1.3590000000000000       5.04299999999941427E-003
   1.3620000000000001       4.33199999999938669E-003
   1.3650000000000000       3.67499999999941008E-003
   1.3680000000000001       3.07199999999938685E-003
   1.3710000000000000       2.52299999999940679E-003
   1.3740000000000001       2.02799999999938793E-003
   1.3770000000000000       1.58699999999940399E-003
   1.3800000000000001       1.19999999999938949E-003
   1.3830000000000000       8.66999999999401236E-004
   1.3860000000000001       5.87999999999390659E-004
   1.3890000000000000       3.62999999999398526E-004
   1.3920000000000001       1.91999999999392310E-004
   1.3950000000000000       7.49999999993975972E-005
   1.3980000000000001       1.19999999993953069E-005
   1.4010000000000000       2.99999999939584705E-006
   1.4040000000000001       4.79999999993979166E-005
   1.4070000000000000       1.46999999999394143E-004
   1.4099999999999999       2.99999999999387996E-004
   1.4130000000000000       5.06999999999394220E-004
   1.4159999999999999       7.67999999999382892E-004
   1.4190000000000000       1.08299999999939348E-003
   1.4219999999999999       1.45199999999937957E-003
   1.4250000000000000       1.87499999999939408E-003
   1.4279999999999999       2.35199999999937542E-003
   1.4310000000000000       2.88299999999939429E-003
   1.4339999999999999       3.46799999999937176E-003
   1.4370000000000001       4.10699999999939499E-003
   1.4399999999999999       4.79999999999936901E-003
   1.4430000000000001       5.54699999999939703E-003
   1.4460000000000000       6.34799999999936630E-003
   1.4490000000000001       7.20299999999939825E-003
   1.4520000000000000       8.11199999999936451E-003
   1.4550000000000001       9.07499999999939952E-003
   1.4580000000000000       1.00919999999993619E-002
   1.4610000000000001       1.11629999999994026E-002
   1.4640000000000000       1.22879999999993619E-002
   1.4670000000000001       1.34669999999994065E-002
   1.4700000000000000       1.46999999999993594E-002
   1.4730000000000001       1.59869999999994079E-002
   1.4760000000000000       1.73279999999993578E-002
   1.4790000000000001       1.87229999999994137E-002
   1.4820000000000000       2.01719999999993571E-002
   1.4850000000000001       2.16749999999994170E-002
   1.4880000000000000       2.32319999999993573E-002
   1.4910000000000001       2.48429999999994211E-002
   1.4940000000000000       2.65079999999993585E-002
   1.4970000000000001       2.82269999999994262E-002
   1.5000000000000000       2.99999999999993605E-002
   1.5030000000000001       3.18269999999994321E-002
   1.5060000000000000       3.37079999999993635E-002
   1.5090000000000001       3.56429999999994321E-002
   1.5120000000000000       3.76319999999993604E-002
   1.5150000000000001       3.96749999999994399E-002
   1.5180000000000000       4.17719999999993652E-002
   1.5210000000000001       4.39229999999994486E-002
   1.5240000000000000       4.61279999999993640E-002
   1.5270000000000001       4.83869999999994513E-002
   1.5300000000000000       5.06999999999993706E-002
   1.5330000000000001       5.30669999999994618E-002
   1.5360000000000000       5.54879999999993712E-002
   1.5389999999999999       5.79629999999992859E-002
   1.5420000000000000       6.04919999999993796E-002
   1.5449999999999999       6.30749999999992844E-002
   1.5480000000000000       6.57119999999993820E-002
   1.5509999999999999       6.84029999999992838E-002
   1.5540000000000000       7.11479999999993784E-002
   1.5569999999999999       7.39469999999992772E-002
   1.5600000000000001       7.67999999999993965E-002
   1.5629999999999999       7.97069999999992784E-002
   1.5660000000000001       8.26679999999993947E-002
   1.5690000000000000       8.56829999999992875E-002
   1.5720000000000001       8.87519999999994008E-002
   1.5750000000000000       9.18749999999992906E-002
   1.5780000000000001       9.50519999999994009E-002
   1.5810000000000000       9.82829999999992876E-002
   1.5840000000000001       0.10156799999999941     
   1.5870000000000000       0.10490699999999929     
   1.5900000000000001       0.10829999999999942     
   1.5930000000000000       0.11174699999999929     
   1.5960000000000001       0.11524799999999942     
   1.5990000000000000       0.11880299999999930     
   1.6020000000000001       0.12241199999999944     
   1.6050000000000000       0.12607499999999930     
   1.6080000000000001       0.12979199999999944     
   1.6110000000000000       0.13356299999999929     
   1.6140000000000001       0.13738799999999946     
   1.6170000000000000       0.14126699999999931     
   1.6200000000000001       0.14519999999999947     
   1.6230000000000000       0.14918699999999932     
   1.6260000000000001       0.15322799999999948     
   1.6290000000000000       0.15732299999999932     
   1.6320000000000001       0.16147199999999948     
   1.6350000000000000       0.16567499999999932     
   1.6380000000000001       0.16993199999999947     
   1.6410000000000000       0.17424299999999934     
   1.6440000000000001       0.17860799999999949     
   1.6470000000000000       0.18302699999999933     
   1.6500000000000001       0.18749999999999950     
   1.6530000000000000       0.19202699999999934     
   1.6560000000000001       0.19660799999999951     
   1.6590000000000000       0.20124299999999934     
   1.6620000000000001       0.20593199999999953     
   1.6650000000000000       0.21067499999999936     
   1.6679999999999999       0.21547199999999919     
   1.6710000000000000       0.22032299999999938     
   1.6739999999999999       0.22522799999999918     
   1.6770000000000000       0.23018699999999936     
   1.6799999999999999       0.23519999999999919     
   1.6830000000000001       0.24026699999999937     
   1.6859999999999999       0.24538799999999919     
   1.6890000000000001       0.25056299999999937     
   1.6919999999999999       0.25579199999999919     
   1.6950000000000001       0.26107499999999939     
   1.6980000000000000       0.26641199999999921     
   1.7010000000000001       0.27180299999999941     
   1.7040000000000000       0.27724799999999922     
   1.7070000000000001       0.28274699999999942     
   1.7100000000000000       0.28829999999999922     
   1.7130000000000001       0.29390699999999942     
   1.7160000000000000       0.29956799999999922     
   1.7190000000000001       0.30528299999999942     
   1.7220000000000000       0.31105199999999922     
   1.7250000000000001       0.31687499999999946     
   1.7280000000000000       0.32275199999999926     
   1.7310000000000001       0.32868299999999945     
   1.7340000000000000       0.33466799999999924     
   1.7370000000000001       0.34070699999999948     
   1.7400000000000000       0.34679999999999928     
   1.7430000000000001       0.35294699999999951     
   1.7460000000000000       0.35914799999999925     
   1.7490000000000001       0.36540299999999948     
   1.7520000000000000       0.37171199999999927     
   1.7550000000000001       0.37807499999999949     
   1.7580000000000000       0.38449199999999928     
   1.7610000000000001       0.39096299999999951     
   1.7640000000000000       0.39748799999999929     
   1.7670000000000001       0.40406699999999957     
   1.7700000000000000       0.41069999999999929     
   1.7730000000000001       0.41738699999999956     
   1.7760000000000000       0.42412799999999934     
   1.7790000000000001       0.43092299999999956     
   1.7820000000000000       0.43777199999999933     
   1.7850000000000001       0.44467499999999960     
   1.7880000000000000       0.45163199999999931     
   1.7910000000000001       0.45864299999999958     
   1.7940000000000000       0.46570799999999934     
   1.7969999999999999       0.47282699999999911     
   1.8000000000000000       0.47999999999999937     
   1.8029999999999999       0.48722699999999908     
   1.8060000000000000       0.49450799999999939     
   1.8089999999999999       0.50184299999999915     
   1.8120000000000001       0.50923199999999935     
   1.8149999999999999       0.51667499999999911     
   1.8180000000000001       0.52417199999999942     
   1.8210000000000000       0.53172299999999917     
   1.8240000000000001       0.53932799999999936     
   1.8270000000000000       0.54698699999999911     
   1.8300000000000001       0.55469999999999942     
   1.8330000000000000       0.56246699999999916     
   1.8360000000000001       0.57028799999999946     
   1.8390000000000000       0.57816299999999921     
   1.8420000000000001       0.58609199999999950     
   1.8450000000000000       0.59407499999999913     
   1.8480000000000001       0.60211199999999943     
   1.8510000000000000       0.61020299999999916     
   1.8540000000000001       0.61834799999999945     
   1.8570000000000000       0.62654699999999919     
   1.8600000000000001       0.63479999999999948     
   1.8630000000000000       0.64310699999999921     
   1.8660000000000001       0.65146799999999949     
   1.8690000000000000       0.65988299999999922     
   1.8720000000000001       0.66835199999999950     
   1.8750000000000000       0.67687499999999923     
   1.8780000000000001       0.68545199999999951     
   1.8810000000000000       0.69408299999999923     
   1.8840000000000001       0.70276799999999962     
   1.8870000000000000       0.71150699999999922     
   1.8900000000000001       0.72029999999999961     
   1.8930000000000000       0.72914699999999932     
   1.8960000000000001       0.73804799999999959     
   1.8990000000000000       0.74700299999999931     
   1.9020000000000001       0.75601199999999957     
   1.9050000000000000       0.76507499999999928     
   1.9080000000000001       0.77419199999999966     
   1.9110000000000000       0.78336299999999937     
   1.9140000000000001       0.79258799999999963     
   1.9170000000000000       0.80186699999999933     
   1.9199999999999999       0.81119999999999903     
   1.9230000000000000       0.82058699999999929     
   1.9259999999999999       0.83002799999999899     
   1.9290000000000000       0.83952299999999935     
   1.9319999999999999       0.84907199999999905     
   1.9350000000000001       0.85867499999999941     
   1.9379999999999999       0.86833199999999899     
   1.9410000000000001       0.87804299999999935     
   1.9440000000000000       0.88780799999999904     
   1.9470000000000001       0.89762699999999940     
   1.9500000000000000       0.90749999999999909     
   1.9530000000000001       0.91742699999999944     
   1.9560000000000000       0.92740799999999912     
   1.9590000000000001       0.93744299999999947     
   1.9620000000000000       0.94753199999999904     
   1.9650000000000001       0.95767499999999950     
   1.9680000000000000       0.96787199999999907     
   1.9710000000000001       0.97812299999999952     
   1.9740000000000000       0.98842799999999909     
   1.9770000000000001       0.99878699999999954     
   1.9800000000000000        1.0091999999999992     
   1.9830000000000001        1.0196669999999994     
   1.9860000000000000        1.0301879999999992     
   1.9890000000000001        1.0407629999999994     
   1.9920000000000000        1.0513919999999992     
   1.9950000000000001        1.0620749999999997     
   1.9980000000000000        1.0728119999999992     
   2.0009999999999999        1.0836029999999988     
   2.0040000000000000        1.0944479999999992     
   2.0070000000000001        1.1053469999999996     
   2.0100000000000002        1.1163000000000001     
   2.0129999999999999        1.1273069999999987     
   2.0160000000000000        1.1383679999999992     
   2.0190000000000001        1.1494829999999996     
   2.0220000000000002        1.1606520000000000     
   2.0249999999999999        1.1718749999999989     
   2.0280000000000000        1.1831519999999993     
   2.0310000000000001        1.1944829999999997     
   2.0340000000000003        1.2058680000000002     
   2.0369999999999999        1.2173069999999988     
   2.0400000000000000        1.2287999999999992     
   2.0430000000000001        1.2403469999999996     
   2.0460000000000003        1.2519480000000003     
   2.0489999999999999        1.2636029999999989     
   2.0520000000000000        1.2753119999999993     
   2.0550000000000002        1.2870749999999997     
   2.0579999999999998        1.2988919999999984     
   2.0609999999999999        1.3107629999999990     
   2.0640000000000001        1.3226879999999994     
   2.0670000000000002        1.3346669999999998     
   2.0699999999999998        1.3466999999999985     
   2.0730000000000000        1.3587869999999991     
   2.0760000000000001        1.3709279999999995     
   2.0790000000000002        1.3831229999999999     
   2.0819999999999999        1.3953719999999985     
   2.0850000000000000        1.4076749999999989     
   2.0880000000000001        1.4200319999999995     
   2.0910000000000002        1.4324429999999999     
   2.0939999999999999        1.4449079999999985     
   2.0970000000000000        1.4574269999999991     
   2.1000000000000001        1.4699999999999995     
   2.1030000000000002        1.4826269999999999     
   2.1059999999999999        1.4953079999999985     
   2.1090000000000000        1.5080429999999991     
   2.1120000000000001        1.5208319999999995     
   2.1150000000000002        1.5336750000000001     
   2.1179999999999999        1.5465719999999987     
   2.1210000000000000        1.5595229999999991     
   2.1240000000000001        1.5725279999999997     
   2.1270000000000002        1.5855870000000001     
   2.1299999999999999        1.5986999999999987     
   2.1330000000000000        1.6118669999999993     
   2.1360000000000001        1.6250879999999996     
   2.1390000000000002        1.6383630000000002     
   2.1419999999999999        1.6516919999999986     
   2.1450000000000000        1.6650749999999992     
   2.1480000000000001        1.6785119999999998     
   2.1510000000000002        1.6920030000000001     
   2.1539999999999999        1.7055479999999987     
   2.1570000000000000        1.7191469999999993     
   2.1600000000000001        1.7327999999999997     
   2.1630000000000003        1.7465070000000003     
   2.1659999999999999        1.7602679999999988     
   2.1690000000000000        1.7740829999999994     
   2.1720000000000002        1.7879519999999998     
   2.1750000000000003        1.8018750000000003     
   2.1779999999999999        1.8158519999999989     
   2.1810000000000000        1.8298829999999993     
   2.1840000000000002        1.8439679999999998     
   2.1869999999999998        1.8581069999999984     
   2.1899999999999999        1.8722999999999990     
   2.1930000000000001        1.8865469999999993     
   2.1960000000000002        1.9008479999999999     
   2.1989999999999998        1.9152029999999984     
   2.2020000000000000        1.9296119999999990     
   2.2050000000000001        1.9440749999999996     
   2.2080000000000002        1.9585920000000001     
   2.2109999999999999        1.9731629999999984     
   2.2140000000000000        1.9877879999999990     
   2.2170000000000001        2.0024669999999993     
   2.2200000000000002        2.0171999999999999     
   2.2229999999999999        2.0319869999999987     
   2.2260000000000000        2.0468279999999992     
   2.2290000000000001        2.0617229999999998     
   2.2320000000000002        2.0766720000000003     
   2.2349999999999999        2.0916749999999986     
   2.2380000000000000        2.1067319999999992     
   2.2410000000000001        2.1218429999999997     
   2.2440000000000002        2.1370080000000002     
   2.2469999999999999        2.1522269999999986     
   2.2500000000000000        2.1674999999999991     
   2.2530000000000001        2.1828269999999996     
   2.2560000000000002        2.1982080000000002     
   2.2589999999999999        2.2136429999999985     
   2.2620000000000000        2.2291319999999990     
   2.2650000000000001        2.2446749999999995     
   2.2680000000000002        2.2602720000000005     
   2.2709999999999999        2.2759229999999988     
   2.2740000000000000        2.2916279999999993     
   2.2770000000000001        2.3073869999999999     
   2.2800000000000002        2.3232000000000004     
   2.2829999999999999        2.3390669999999987     
   2.2860000000000000        2.3549879999999992     
   2.2890000000000001        2.3709629999999997     
   2.2920000000000003        2.3869920000000007     
   2.2949999999999999        2.4030749999999985     
   2.2980000000000000        2.4192119999999995     
   2.3010000000000002        2.4354030000000000     
   2.3040000000000003        2.4516480000000005     
   2.3069999999999999        2.4679469999999988     
   2.3100000000000001        2.4842999999999993     
   2.3130000000000002        2.5007069999999998     
   2.3159999999999998        2.5171679999999981     
   2.3190000000000000        2.5336829999999986     
   2.3220000000000001        2.5502519999999995     
   2.3250000000000002        2.5668750000000000     
   2.3279999999999998        2.5835519999999983     
   2.3310000000000000        2.6002829999999988     
   2.3340000000000001        2.6170679999999993     
   2.3370000000000002        2.6339070000000002     
   2.3399999999999999        2.6507999999999980     
   2.3430000000000000        2.6677469999999990     
   2.3460000000000001        2.6847479999999995     
   2.3490000000000002        2.7018030000000004     
   2.3519999999999999        2.7189119999999982     
   2.3550000000000000        2.7360749999999991     
   2.3580000000000001        2.7532919999999996     
   2.3610000000000002        2.7705630000000001     
   2.3639999999999999        2.7878879999999984     
   2.3670000000000000        2.8052669999999988     
   2.3700000000000001        2.8226999999999998     
   2.3730000000000002        2.8401870000000002     
   2.3759999999999999        2.8577279999999985     
   2.3790000000000000        2.8753229999999990     
   2.3820000000000001        2.8929719999999999     
   2.3850000000000002        2.9106750000000003     
   2.3879999999999999        2.9284319999999986     
   2.3910000000000000        2.9462429999999991     
   2.3940000000000001        2.9641080000000000     
   2.3970000000000002        2.9820270000000004     
   2.3999999999999999        2.9999999999999987     
   2.4030000000000000        3.0180269999999991     
   2.4060000000000001        3.0361080000000000     
   2.4090000000000003        3.0542430000000005     
   2.4119999999999999        3.0724319999999987     
   2.4150000000000000        3.0906749999999992     
   2.4180000000000001        3.1089720000000001     
   2.4210000000000003        3.1273230000000005     
   2.4239999999999999        3.1457279999999987     
   2.4270000000000000        3.1641869999999992     
   2.4300000000000002        3.1827000000000001     
   2.4329999999999998        3.2012669999999979     
   2.4359999999999999        3.2198879999999988     
   2.4390000000000001        3.2385629999999992     
   2.4420000000000002        3.2572920000000001     
   2.4449999999999998        3.2760749999999978     
   2.4480000000000000        3.2949119999999987     
   2.4510000000000001        3.3138029999999996     
   2.4540000000000002        3.3327480000000000     
   2.4569999999999999        3.3517469999999983     
   2.4600000000000000        3.3707999999999987     
   2.4630000000000001        3.3899069999999996     
   2.4660000000000002        3.4090680000000004     
   2.4689999999999999        3.4282829999999982     
   2.4720000000000000        3.4475519999999991     
   2.4750000000000001        3.4668749999999995     
   2.4780000000000002        3.4862520000000004     
   2.4809999999999999        3.5056829999999981     
   2.4840000000000000        3.5251679999999990     
   2.4870000000000001        3.5447069999999998     
   2.4900000000000002        3.5643000000000002     
   2.4929999999999999        3.5839469999999984     
   2.4960000000000000        3.6036479999999989     
   2.4990000000000001        3.6234029999999997     
   2.5020000000000002        3.6432120000000006     
   2.5049999999999999        3.6630749999999983     
   2.5080000000000000        3.6829919999999992     
   2.5110000000000001        3.7029630000000000     
   2.5140000000000002        3.7229880000000004     
   2.5169999999999999        3.7430669999999981     
   2.5200000000000000        3.7631999999999990     
   2.5230000000000001        3.7833869999999998     
   2.5260000000000002        3.8036280000000007     
   2.5289999999999999        3.8239229999999984     
   2.5320000000000000        3.8442719999999992     
   2.5350000000000001        3.8646750000000001     
   2.5380000000000003        3.8851320000000009     
   2.5409999999999999        3.9056429999999986     
   2.5440000000000000        3.9262079999999995     
   2.5470000000000002        3.9468269999999999     
   2.5500000000000003        3.9675000000000007     
   2.5529999999999999        3.9882269999999984     
   2.5560000000000000        4.0090079999999997     
   2.5590000000000002        4.0298430000000005     
   2.5619999999999998        4.0507319999999982     
   2.5649999999999999        4.0716749999999990     
   2.5680000000000001        4.0926719999999994     
   2.5710000000000002        4.1137230000000002     
   2.5739999999999998        4.1348279999999979     
   2.5770000000000000        4.1559869999999988     
   2.5800000000000001        4.1771999999999991     
   2.5830000000000002        4.1984669999999999     
   2.5859999999999999        4.2197879999999977     
   2.5890000000000000        4.2411629999999985     
   2.5920000000000001        4.2625919999999997     
   2.5950000000000002        4.2840750000000005     
   2.5979999999999999        4.3056119999999982     
   2.6010000000000000        4.3272029999999990     
   2.6040000000000001        4.3488479999999994     
   2.6070000000000002        4.3705470000000002     
   2.6099999999999999        4.3922999999999979     
   2.6130000000000000        4.4141069999999987     
   2.6160000000000001        4.4359679999999999     
   2.6190000000000002        4.4578830000000007     
   2.6219999999999999        4.4798519999999984     
   2.6250000000000000        4.5018749999999992     
   2.6280000000000001        4.5239519999999995     
   2.6310000000000002        4.5460830000000003     
   2.6339999999999999        4.5682679999999980     
   2.6370000000000000        4.5905069999999988     
   2.6400000000000001        4.6128000000000000     
   2.6430000000000002        4.6351470000000008     
   2.6459999999999999        4.6575479999999985     
   2.6490000000000000        4.6800029999999992     
   2.6520000000000001        4.7025119999999996     
   2.6550000000000002        4.7250750000000012     
   2.6579999999999999        4.7476919999999980     
   2.6610000000000000        4.7703629999999988     
   2.6640000000000001        4.7930880000000000     
   2.6670000000000003        4.8158670000000008     
   2.6699999999999999        4.8386999999999984     
   2.6730000000000000        4.8615869999999992     
   2.6760000000000002        4.8845280000000004     
   2.6790000000000003        4.9075230000000012     
   2.6819999999999999        4.9305719999999988     
   2.6850000000000001        4.9536749999999996     
   2.6880000000000002        4.9768319999999999     
   2.6909999999999998        5.0000429999999980     
   2.6940000000000000        5.0233079999999983     
   2.6970000000000001        5.0466269999999991     
   2.7000000000000002        5.0700000000000003     
   2.7029999999999998        5.0934269999999975     
   2.7060000000000000        5.1169079999999987     
   2.7090000000000001        5.1404429999999994     
   2.7120000000000002        5.1640320000000006     
   2.7149999999999999        5.1876749999999978     
   2.7180000000000000        5.2113719999999990     
   2.7210000000000001        5.2351229999999997     
   2.7240000000000002        5.2589280000000009     
   2.7269999999999999        5.2827869999999981     
   2.7300000000000000        5.3066999999999984     
   2.7330000000000001        5.3306670000000000     
   2.7360000000000002        5.3546880000000003     
   2.7389999999999999        5.3787629999999975     
   2.7420000000000000        5.4028919999999987     
   2.7450000000000001        5.4270749999999994     
   2.7480000000000002        5.4513120000000006     
   2.7509999999999999        5.4756029999999978     
   2.7540000000000000        5.4999479999999989     
   2.7570000000000001        5.5243469999999997     
   2.7600000000000002        5.5488000000000008     
   2.7629999999999999        5.5733069999999980     
   2.7660000000000000        5.5978679999999992     
   2.7690000000000001        5.6224829999999999     
   2.7720000000000002        5.6471520000000011     
   2.7749999999999999        5.6718749999999982     
   2.7780000000000000        5.6966519999999994     
   2.7810000000000001        5.7214830000000001     
   2.7840000000000003        5.7463680000000013     
   2.7869999999999999        5.7713069999999984     
   2.7900000000000000        5.7962999999999996     
   2.7930000000000001        5.8213470000000003     
   2.7960000000000003        5.8464480000000014     
   2.7989999999999999        5.8716029999999986     
   2.8020000000000000        5.8968119999999997     
   2.8050000000000002        5.9220750000000004     
   2.8080000000000003        5.9473920000000016     
   2.8109999999999999        5.9727629999999987     
   2.8140000000000001        5.9981879999999990     
   2.8170000000000002        6.0236670000000005     
   2.8199999999999998        6.0491999999999972     
   2.8230000000000000        6.0747869999999988     
   2.8260000000000001        6.1004279999999991     
   2.8290000000000002        6.1261230000000007     
   2.8319999999999999        6.1518719999999973     
   2.8350000000000000        6.1776749999999989     
   2.8380000000000001        6.2035319999999992     
   2.8410000000000002        6.2294430000000007     
   2.8439999999999999        6.2554079999999974     
   2.8470000000000000        6.2814269999999990     
   2.8500000000000001        6.3074999999999992     
   2.8530000000000002        6.3336270000000008     
   2.8559999999999999        6.3598079999999975     
   2.8590000000000000        6.3860429999999990     
   2.8620000000000001        6.4123320000000001     
   2.8650000000000002        6.4386750000000008     
   2.8679999999999999        6.4650719999999975     
   2.8710000000000000        6.4915229999999990     
   2.8740000000000001        6.5180280000000002     
   2.8770000000000002        6.5445870000000008     
   2.8799999999999999        6.5711999999999975     
   2.8830000000000000        6.5978669999999990     
   2.8860000000000001        6.6245880000000001     
   2.8890000000000002        6.6513630000000008     
   2.8919999999999999        6.6781919999999984     
   2.8950000000000000        6.7050749999999990     
   2.8980000000000001        6.7320120000000001     
   2.9010000000000002        6.7590030000000008     
   2.9039999999999999        6.7860479999999983     
   2.9070000000000000        6.8131469999999990     
   2.9100000000000001        6.8403000000000000     
   2.9130000000000003        6.8675070000000016     
   2.9159999999999999        6.8947679999999982     
   2.9190000000000000        6.9220829999999989     
   2.9220000000000002        6.9494520000000000     
   2.9250000000000003        6.9768750000000015     
   2.9279999999999999        7.0043519999999981     
   2.9310000000000000        7.0318829999999997     
   2.9340000000000002        7.0594680000000007     
   2.9370000000000003        7.0871070000000014     
   2.9399999999999999        7.1147999999999980     
   2.9430000000000001        7.1425469999999995     
   2.9460000000000002        7.1703480000000006     
   2.9489999999999998        7.1982029999999977     
   2.9520000000000000        7.2261119999999988     
   2.9550000000000001        7.2540749999999994     
   2.9580000000000002        7.2820920000000005     
   2.9609999999999999        7.3101629999999975     
   2.9640000000000000        7.3382879999999986     
   2.9670000000000001        7.3664669999999992     
   2.9700000000000002        7.3947000000000003     
   2.9729999999999999        7.4229869999999973     
   2.9760000000000000        7.4513279999999984     
   2.9790000000000001        7.4797229999999999     
   2.9820000000000002        7.5081720000000010     
   2.9849999999999999        7.5366749999999980     
   2.9880000000000000        7.5652319999999991     
   2.9910000000000001        7.5938429999999997     
   2.9940000000000002        7.6225080000000007     
   2.9969999999999999        7.6512269999999978     
   3.0000000000000000        7.6799999999999988     
