   2.5000000000000000        3.7552843408304324     
   2.5019999999999998        3.7507102409293793     
   2.5040000000000000        3.7461440963847488     
   2.5059999999999998        3.7415858903397501     
   2.5080000000000000        3.7370356059741203     
   2.5099999999999998        3.7324932265040855     
   2.5120000000000000        3.7279587351823187     
   2.5139999999999998        3.7234321152978977     
   2.5160000000000000        3.7189133501762597     
   2.5179999999999998        3.7144024231791648     
   2.5200000000000000        3.7098993177046484     
   2.5219999999999998        3.7054040171869764     
   2.5240000000000000        3.7009165050966022     
   2.5259999999999998        3.6964367649401275     
   2.5280000000000000        3.6919647802602484     
   2.5299999999999998        3.6875005346357148     
   2.5320000000000000        3.6830440116812850     
   2.5339999999999998        3.6785951950476807     
   2.5360000000000000        3.6741540684215330     
   2.5379999999999998        3.6697206155253501     
   2.5400000000000000        3.6652948201174511     
   2.5419999999999998        3.6608766659919358     
   2.5440000000000000        3.6564661369786258     
   2.5459999999999998        3.6520632169430227     
   2.5480000000000000        3.6476678897862524     
   2.5499999999999998        3.6432801394450265     
   2.5520000000000000        3.6388999498915813     
   2.5539999999999998        3.6345273051336369     
   2.5560000000000000        3.6301621892143432     
   2.5579999999999998        3.6258045862122317     
   2.5600000000000001        3.6214544802411615     
   2.5619999999999998        3.6171118554502759     
   2.5640000000000001        3.6127766960239396     
   2.5659999999999998        3.6084489861816986     
   2.5680000000000001        3.6041287101782218     
   2.5699999999999998        3.5998158523032551     
   2.5720000000000001        3.5955103968815565     
   2.5739999999999998        3.5912123282728605     
   2.5760000000000001        3.5869216308718124     
   2.5779999999999998        3.5826382891079214     
   2.5800000000000001        3.5783622874455054     
   2.5819999999999999        3.5740936103836360     
   2.5840000000000001        3.5698322424560858     
   2.5859999999999999        3.5655781682312804     
   2.5880000000000001        3.5613313723122308     
   2.5899999999999999        3.5570918393364899     
   2.5920000000000001        3.5528595539760950     
   2.5939999999999999        3.5486345009375095     
   2.5960000000000001        3.5444166649615729     
   2.5979999999999999        3.5402060308234429     
   2.6000000000000001        3.5360025833325333     
   2.6019999999999999        3.5318063073324732     
   2.6040000000000001        3.5276171877010363     
   2.6059999999999999        3.5234352093500907     
   2.6080000000000001        3.5192603572255430     
   2.6099999999999999        3.5150926163072818     
   2.6120000000000001        3.5109319716091183     
   2.6139999999999999        3.5067784081787310     
   2.6160000000000001        3.5026319110976050     
   2.6179999999999999        3.4984924654809850     
   2.6200000000000001        3.4943600564778041     
   2.6219999999999999        3.4902346692706350     
   2.6240000000000001        3.4861162890756270     
   2.6259999999999999        3.4820049011424565     
   2.6280000000000001        3.4779004907542546     
   2.6299999999999999        3.4738030432275635     
   2.6320000000000001        3.4697125439122689     
   2.6339999999999999        3.4656289781915426     
   2.6360000000000001        3.4615523314817844     
   2.6379999999999999        3.4574825892325682     
   2.6400000000000001        3.4534197369265729     
   2.6419999999999999        3.4493637600795326     
   2.6440000000000001        3.4453146442401685     
   2.6459999999999999        3.4412723749901399     
   2.6480000000000001        3.4372369379439731     
   2.6499999999999999        3.4332083187490126     
   2.6520000000000001        3.4291865030853512     
   2.6539999999999999        3.4251714766657777     
   2.6560000000000001        3.4211632252357140     
   2.6579999999999999        3.4171617345731535     
   2.6600000000000001        3.4131669904886026     
   2.6619999999999999        3.4091789788250209     
   2.6640000000000001        3.4051976854577570     
   2.6659999999999999        3.4012230962944958     
   2.6680000000000001        3.3972551972751872     
   2.6699999999999999        3.3932939743719928     
   2.6720000000000002        3.3893394135892234     
   2.6739999999999999        3.3853915009632787     
   2.6760000000000002        3.3814502225625818     
   2.6779999999999999        3.3775155644875254     
   2.6800000000000002        3.3735875128704040     
   2.6819999999999999        3.3696660538753580     
   2.6840000000000002        3.3657511736983055     
   2.6859999999999999        3.3618428585668907     
   2.6880000000000002        3.3579410947404122     
   2.6899999999999999        3.3540458685097683     
   2.6920000000000002        3.3501571661973935     
   2.6940000000000000        3.3462749741571964     
   2.6960000000000002        3.3423992787744972     
   2.6980000000000000        3.3385300664659683     
   2.7000000000000002        3.3346673236795712     
   2.7020000000000000        3.3308110368944948     
   2.7040000000000002        3.3269611926210896     
   2.7060000000000000        3.3231177774008156     
   2.7080000000000002        3.3192807778061697     
   2.7100000000000000        3.3154501804406307     
   2.7120000000000002        3.3116259719385912     
   2.7140000000000000        3.3078081389653042     
   2.7160000000000002        3.3039966682168092     
   2.7180000000000000        3.3001915464198839     
   2.7200000000000002        3.2963927603319680     
   2.7220000000000000        3.2926002967411128     
   2.7240000000000002        3.2888141424659092     
   2.7260000000000000        3.2850342843554339     
   2.7280000000000002        3.2812607092891795     
   2.7300000000000000        3.2774934041770001     
   2.7320000000000002        3.2737323559590417     
   2.7340000000000000        3.2699775516056833     
   2.7360000000000002        3.2662289781174740     
   2.7380000000000000        3.2624866225250719     
   2.7400000000000002        3.2587504718891793     
   2.7420000000000000        3.2550205133004835     
   2.7440000000000002        3.2512967338795891     
   2.7460000000000000        3.2475791207769618     
   2.7480000000000002        3.2438676611728621     
   2.7500000000000000        3.2401623422772841     
   2.7520000000000002        3.2364631513298927     
   2.7540000000000000        3.2327700755999609     
   2.7560000000000002        3.2290831023863098     
   2.7580000000000000        3.2254022190172420     
   2.7599999999999998        3.2217274128504840     
   2.7620000000000000        3.2180586712731172     
   2.7639999999999998        3.2143959817015255     
   2.7660000000000000        3.2107393315813213     
   2.7679999999999998        3.2070887083872934     
   2.7700000000000000        3.2034440996233378     
   2.7719999999999998        3.1998054928223993     
   2.7740000000000000        3.1961728755464058     
   2.7759999999999998        3.1925462353862102     
   2.7780000000000000        3.1889255599615240     
   2.7799999999999998        3.1853108369208587     
   2.7820000000000000        3.1817020539414607     
   2.7839999999999998        3.1780991987292522     
   2.7860000000000000        3.1745022590187624     
   2.7879999999999998        3.1709112225730762     
   2.7900000000000000        3.1673260771837617     
   2.7919999999999998        3.1637468106708160     
   2.7940000000000000        3.1601734108825950     
   2.7959999999999998        3.1566058656957607     
   2.7980000000000000        3.1530441630152115     
   2.7999999999999998        3.1494882907740269     
   2.8020000000000000        3.1459382369333957     
   2.8039999999999998        3.1423939894825681     
   2.8060000000000000        3.1388555364387809     
   2.8079999999999998        3.1353228658472041     
   2.8100000000000001        3.1317959657808734     
   2.8119999999999998        3.1282748243406355     
   2.8140000000000001        3.1247594296550782     
   2.8159999999999998        3.1212497698804760     
   2.8180000000000001        3.1177458332007220     
   2.8199999999999998        3.1142476078272745     
   2.8220000000000001        3.1107550819990855     
   2.8239999999999998        3.1072682439825501     
   2.8260000000000001        3.1037870820714364     
   2.8279999999999998        3.1003115845868296     
   2.8300000000000001        3.0968417398770653     
   2.8319999999999999        3.0933775363176763     
   2.8340000000000001        3.0899189623113221     
   2.8359999999999999        3.0864660062877385     
   2.8380000000000001        3.0830186567036661     
   2.8399999999999999        3.0795769020427941     
   2.8420000000000001        3.0761407308157005     
   2.8439999999999999        3.0727101315597922     
   2.8460000000000001        3.0692850928392383     
   2.8479999999999999        3.0658656032449150     
   2.8500000000000001        3.0624516513943414     
   2.8519999999999999        3.0590432259316227     
   2.8540000000000001        3.0556403155273868     
   2.8559999999999999        3.0522429088787253     
   2.8580000000000001        3.0488509947091291     
   2.8599999999999999        3.0454645617684357     
   2.8620000000000001        3.0420835988327601     
   2.8639999999999999        3.0387080947044445     
   2.8660000000000001        3.0353380382119872     
   2.8679999999999999        3.0319734182099922     
   2.8700000000000001        3.0286142235791020     
   2.8719999999999999        3.0252604432259438     
   2.8740000000000001        3.0219120660830634     
   2.8759999999999999        3.0185690811088723     
   2.8780000000000001        3.0152314772875815     
   2.8799999999999999        3.0118992436291450     
   2.8820000000000001        3.0085723691692001     
   2.8839999999999999        3.0052508429690095     
   2.8860000000000001        3.0019346541154004     
   2.8879999999999999        2.9986237917207008     
   2.8900000000000001        2.9953182449226889     
   2.8919999999999999        2.9920180028845293     
   2.8940000000000001        2.9887230547947103     
   2.8959999999999999        2.9854333898669934     
   2.8980000000000001        2.9821489973403459     
   2.8999999999999999        2.9788698664788895     
   2.9020000000000001        2.9755959865718342     
   2.9039999999999999        2.9723273469334268     
   2.9060000000000001        2.9690639369028853     
   2.9079999999999999        2.9658057458443476     
   2.9100000000000001        2.9625527631468072     
   2.9119999999999999        2.9593049782240564     
   2.9140000000000001        2.9560623805146311     
   2.9159999999999999        2.9528249594817488     
   2.9180000000000001        2.9495927046132517     
   2.9199999999999999        2.9463656054215499     
   2.9220000000000002        2.9431436514435609     
   2.9239999999999999        2.9399268322406562     
   2.9260000000000002        2.9367151373985978     
   2.9279999999999999        2.9335085565274852     
   2.9300000000000002        2.9303070792616963     
   2.9319999999999999        2.9271106952598287     
   2.9340000000000002        2.9239193942046446     
   2.9359999999999999        2.9207331658030129     
   2.9380000000000002        2.9175519997858474     
   2.9399999999999999        2.9143758859080577     
   2.9420000000000002        2.9112048139484878     
   2.9440000000000000        2.9080387737098605     
   2.9460000000000002        2.9048777550187146     
   2.9480000000000000        2.9017217477253610     
   2.9500000000000002        2.8985707417038094     
   2.9520000000000000        2.8954247268517270     
   2.9540000000000002        2.8922836930903753     
   2.9560000000000000        2.8891476303645511     
   2.9580000000000002        2.8860165286425352     
   2.9600000000000000        2.8828903779160333     
   2.9620000000000002        2.8797691682001210     
   2.9640000000000000        2.8766528895331911     
   2.9660000000000002        2.8735415319768869     
   2.9680000000000000        2.8704350856160605     
   2.9700000000000002        2.8673335405587075     
   2.9720000000000000        2.8642368869359163     
   2.9740000000000002        2.8611451149018068     
   2.9760000000000000        2.8580582146334828     
   2.9780000000000002        2.8549761763309700     
   2.9800000000000000        2.8518989902173315     
   2.9820000000000002        2.8488266465379390     
   2.9840000000000000        2.8457591355614356     
   2.9860000000000002        2.8426964475789935     
   2.9880000000000000        2.8396385729044384     
   2.9900000000000002        2.8365855018741857     
   2.9920000000000000        2.8335372248471975     
   2.9940000000000002        2.8304937322049164     
   2.9960000000000000        2.8274550143512185     
   2.9980000000000002        2.8244210617123553     
   3.0000000000000000        2.8213918647369041     
   3.0020000000000002        2.8183674138957078     
   3.0040000000000000        2.8153476996818254     
   3.0060000000000002        2.8123327126104765     
   3.0080000000000000        2.8093224432189876     
   3.0100000000000002        2.8063168820667386     
   3.0120000000000000        2.8033160197351079     
   3.0139999999999998        2.8003198468274224     
   3.0160000000000000        2.7973283539688993     
   3.0179999999999998        2.7943415318065963     
   3.0200000000000000        2.7913593710093574     
   3.0219999999999998        2.7883818622677583     
   3.0240000000000000        2.7854089962940587     
   3.0259999999999998        2.7824407638221422     
   3.0280000000000000        2.7794771556074664     
   3.0299999999999998        2.7765181624270130     
   3.0320000000000000        2.7735637750792312     
   3.0339999999999998        2.7706139843839899     
   3.0360000000000000        2.7676687811825182     
   3.0379999999999998        2.7647281563373607     
   3.0400000000000000        2.7617921007323192     
   3.0419999999999998        2.7588606052724067     
   3.0440000000000000        2.7559336608837888     
   3.0459999999999998        2.7530112585137392     
   3.0480000000000000        2.7500933891305781     
   3.0499999999999998        2.7471800437236324     
   3.0520000000000000        2.7442712133031759     
   3.0539999999999998        2.7413668889003806     
   3.0560000000000000        2.7384670615672624     
   3.0579999999999998        2.7355717223766356     
   3.0600000000000001        2.7326808624220571     
   3.0619999999999998        2.7297944728177788     
   3.0640000000000001        2.7269125446986915     
   3.0659999999999998        2.7240350692202813     
   3.0680000000000001        2.7211620375585714     
   3.0699999999999998        2.7182934409100779     
   3.0720000000000001        2.7154292704917551     
   3.0739999999999998        2.7125695175409472     
   3.0760000000000001        2.7097141733153380     
   3.0779999999999998        2.7068632290928978     
   3.0800000000000001        2.7040166761718378     
   3.0819999999999999        2.7011745058705601     
   3.0840000000000001        2.6983367095276001     
   3.0859999999999999        2.6955032785015867     
   3.0880000000000001        2.6926742041711877     
   3.0899999999999999        2.6898494779350610     
   3.0920000000000001        2.6870290912118038     
   3.0939999999999999        2.6842130354399076     
   3.0960000000000001        2.6814013020777026     
   3.0979999999999999        2.6785938826033142     
   3.1000000000000001        2.6757907685146116     
   3.1019999999999999        2.6729919513291596     
   3.1040000000000001        2.6701974225841663     
   3.1059999999999999        2.6674071738364424     
   3.1080000000000001        2.6646211966623445     
   3.1099999999999999        2.6618394826577303     
   3.1120000000000001        2.6590620234379090     
   3.1139999999999999        2.6562888106375970     
   3.1160000000000001        2.6535198359108616     
   3.1179999999999999        2.6507550909310846     
   3.1200000000000001        2.6479945673908998     
   3.1219999999999999        2.6452382570021600     
   3.1240000000000001        2.6424861514958775     
   3.1259999999999999        2.6397382426221840     
   3.1280000000000001        2.6369945221502804     
   3.1299999999999999        2.6342549818683874     
   3.1320000000000001        2.6315196135837016     
   3.1339999999999999        2.6287884091223472     
   3.1360000000000001        2.6260613603293272     
   3.1379999999999999        2.6233384590684801     
   3.1400000000000001        2.6206196972224269     
   3.1419999999999999        2.6179050666925332     
   3.1440000000000001        2.6151945593988515     
   3.1459999999999999        2.6124881672800870     
   3.1480000000000001        2.6097858822935400     
   3.1499999999999999        2.6070876964150655     
   3.1520000000000001        2.6043936016390270     
   3.1539999999999999        2.6017035899782481     
   3.1560000000000001        2.5990176534639668     
   3.1579999999999999        2.5963357841457917     
   3.1600000000000001        2.5936579740916530     
   3.1619999999999999        2.5909842153877611     
   3.1640000000000001        2.5883145001385555     
   3.1659999999999999        2.5856488204666634     
   3.1680000000000001        2.5829871685128531     
   3.1699999999999999        2.5803295364359888     
   3.1720000000000002        2.5776759164129834     
   3.1739999999999999        2.5750263006387586     
   3.1760000000000002        2.5723806813261922     
   3.1779999999999999        2.5697390507060835     
   3.1800000000000002        2.5671014010270956     
   3.1819999999999999        2.5644677245557235     
   3.1840000000000002        2.5618380135762395     
   3.1859999999999999        2.5592122603906562     
   3.1880000000000002        2.5565904573186771     
   3.1899999999999999        2.5539725966976534     
   3.1920000000000002        2.5513586708825433     
   3.1940000000000000        2.5487486722458628     
   3.1960000000000002        2.5461425931776440     
   3.1980000000000000        2.5435404260853938     
   3.2000000000000002        2.5409421633940448     
   3.2020000000000000        2.5383477975459168     
   3.2040000000000002        2.5357573210006703     
   3.2060000000000000        2.5331707262352636     
   3.2080000000000002        2.5305880057439096     
   3.2100000000000000        2.5280091520380346     
   3.2120000000000002        2.5254341576462287     
   3.2140000000000000        2.5228630151142131     
   3.2160000000000002        2.5202957170047875     
   3.2180000000000000        2.5177322558977928     
   3.2200000000000002        2.5151726243900647     
   3.2220000000000000        2.5126168150953974     
   3.2240000000000002        2.5100648206444900     
   3.2260000000000000        2.5075166336849199     
   3.2280000000000002        2.5049722468810831     
   3.2300000000000000        2.5024316529141659     
   3.2320000000000002        2.4998948444820934     
   3.2340000000000000        2.4973618142994960     
   3.2360000000000002        2.4948325550976569     
   3.2380000000000000        2.4923070596244834     
   3.2400000000000002        2.4897853206444513     
   3.2420000000000000        2.4872673309385740     
   3.2440000000000002        2.4847530833043558     
   3.2460000000000000        2.4822425705557536     
   3.2480000000000002        2.4797357855231308     
   3.2500000000000000        2.4772327210532215     
   3.2520000000000002        2.4747333700090843     
   3.2540000000000000        2.4722377252700687     
   3.2560000000000002        2.4697457797317632     
   3.2580000000000000        2.4672575263059673     
   3.2600000000000002        2.4647729579206383     
   3.2620000000000000        2.4622920675198618     
   3.2640000000000002        2.4598148480638016     
   3.2660000000000000        2.4573412925286671     
   3.2679999999999998        2.4548713939066680     
   3.2700000000000000        2.4524051452059767     
   3.2719999999999998        2.4499425394506860     
   3.2740000000000000        2.4474835696807715     
   3.2759999999999998        2.4450282289520504     
   3.2780000000000000        2.4425765103361416     
   3.2799999999999998        2.4401284069204254     
   3.2820000000000000        2.4376839118080067     
   3.2839999999999998        2.4352430181176712     
   3.2860000000000000        2.4328057189838499     
   3.2879999999999998        2.4303720075565782     
   3.2900000000000000        2.4279418770014543     
   3.2919999999999998        2.4255153204996063     
   3.2940000000000000        2.4230923312476449     
   3.2959999999999998        2.4206729024576323     
   3.2980000000000000        2.4182570273570385     
   3.2999999999999998        2.4158446991887033     
   3.3020000000000000        2.4134359112107995     
   3.3039999999999998        2.4110306566967932     
   3.3060000000000000        2.4086289289354044     
   3.3079999999999998        2.4062307212305694     
   3.3100000000000001        2.4038360269014030     
   3.3119999999999998        2.4014448392821621     
   3.3140000000000001        2.3990571517222024     
   3.3159999999999998        2.3966729575859449     
   3.3180000000000001        2.3942922502528363     
   3.3199999999999998        2.3919150231173134     
   3.3220000000000001        2.3895412695887610     
   3.3239999999999998        2.3871709830914787     
   3.3260000000000001        2.3848041570646412     
   3.3279999999999998        2.3824407849622617     
   3.3300000000000001        2.3800808602531518     
   3.3319999999999999        2.3777243764208915     
   3.3340000000000001        2.3753713269637817     
   3.3359999999999999        2.3730217053948186     
   3.3380000000000001        2.3706755052416439     
   3.3399999999999999        2.3683327200465230     
   3.3420000000000001        2.3659933433662927     
   3.3439999999999999        2.3636573687723379     
   3.3460000000000001        2.3613247898505456     
   3.3479999999999999        2.3589956002012729     
   3.3500000000000001        2.3566697934393104     
   3.3519999999999999        2.3543473631938450     
   3.3540000000000001        2.3520283031084235     
   3.3559999999999999        2.3497126068409173     
   3.3580000000000001        2.3474002680634865     
   3.3599999999999999        2.3450912804625421     
   3.3620000000000001        2.3427856377387131     
   3.3639999999999999        2.3404833336068092     
   3.3660000000000001        2.3381843617957832     
   3.3679999999999999        2.3358887160486992     
   3.3700000000000001        2.3335963901226955     
   3.3719999999999999        2.3313073777889501     
   3.3740000000000001        2.3290216728326398     
   3.3759999999999999        2.3267392690529154     
   3.3780000000000001        2.3244601602628570     
   3.3799999999999999        2.3221843402894446     
   3.3820000000000001        2.3199118029735200     
   3.3839999999999999        2.3176425421697546     
   3.3860000000000001        2.3153765517466121     
   3.3879999999999999        2.3131138255863180     
   3.3900000000000001        2.3108543575848177     
   3.3919999999999999        2.3085981416517503     
   3.3940000000000001        2.3063451717104084     
   3.3959999999999999        2.3040954416977062     
   3.3980000000000001        2.3018489455641449     
   3.3999999999999999        2.2996056772737794     
   3.4020000000000001        2.2973656308041810     
   3.4039999999999999        2.2951288001464087     
   3.4060000000000001        2.2928951793049710     
   3.4079999999999999        2.2906647622977943     
   3.4100000000000001        2.2884375431561867     
   3.4119999999999999        2.2862135159248087     
   3.4140000000000001        2.2839926746616341     
   3.4159999999999999        2.2817750134379238     
   3.4180000000000001        2.2795605263381846     
   3.4199999999999999        2.2773492074601416     
   3.4220000000000002        2.2751410509147023     
   3.4239999999999999        2.2729360508259240     
   3.4260000000000002        2.2707342013309826     
   3.4279999999999999        2.2685354965801356     
   3.4300000000000002        2.2663399307366947     
   3.4319999999999999        2.2641474979769884     
   3.4340000000000002        2.2619581924903316     
   3.4359999999999999        2.2597720084789916     
   3.4380000000000002        2.2575889401581595     
   3.4399999999999999        2.2554089817559104     
   3.4420000000000002        2.2532321275131797     
   3.4440000000000000        2.2510583716837234     
   3.4460000000000002        2.2488877085340913     
   3.4480000000000000        2.2467201323435932     
   3.4500000000000002        2.2445556374042632     
   3.4520000000000000        2.2423942180208356     
   3.4540000000000002        2.2402358685107053     
   3.4560000000000000        2.2380805832039021     
   3.4580000000000002        2.2359283564430523     
   3.4600000000000000        2.2337791825833566     
   3.4620000000000002        2.2316330559925479     
   3.4640000000000000        2.2294899710508691     
   3.4660000000000002        2.2273499221510349     
   3.4680000000000000        2.2252129036982056     
   3.4700000000000002        2.2230789101099515     
   3.4720000000000000        2.2209479358162283     
   3.4740000000000002        2.2188199752593358     
   3.4760000000000000        2.2166950228938989     
   3.4780000000000002        2.2145730731868274     
   3.4800000000000000        2.2124541206172901     
   3.4820000000000002        2.2103381596766818     
   3.4840000000000000        2.2082251848685965     
   3.4860000000000002        2.2061151907087888     
   3.4880000000000000        2.2040081717251554     
   3.4900000000000002        2.2019041224576914     
   3.4920000000000000        2.1998030374584725     
   3.4940000000000002        2.1977049112916145     
   3.4960000000000000        2.1956097385334394     
   3.4980000000000002        2.1935175137716478     
   3.5000000000000000        2.1914282316065439     
   3.5020000000000002        2.1893418866501206     
   3.5040000000000000        2.1872584735262688     
   3.5060000000000002        2.1851779868707433     
   3.5080000000000000        2.1831004213311349     
   3.5100000000000002        2.1810257715668375     
   3.5120000000000000        2.1789540322490253     
   3.5140000000000002        2.1768851980606168     
   3.5160000000000000        2.1748192636962496     
   3.5180000000000002        2.1727562238622471     
   3.5200000000000000        2.1706960732765954     
   3.5220000000000002        2.1686388066689068     
   3.5240000000000000        2.1665844187803978     
   3.5259999999999998        2.1645329043638548     
   3.5280000000000000        2.1624842581836075     
   3.5299999999999998        2.1604384750155017     
   3.5320000000000000        2.1583955496468654     
   3.5339999999999998        2.1563554768764872     
   3.5360000000000000        2.1543182515145820     
   3.5379999999999998        2.1522838683827645     
   3.5400000000000000        2.1502523223140209     
   3.5419999999999998        2.1482236081526813     
   3.5440000000000000        2.1461977207543890     
   3.5459999999999998        2.1441746549860761     
   3.5480000000000000        2.1421544057259303     
   3.5499999999999998        2.1401369678633726     
   3.5520000000000000        2.1381223362990238     
   3.5539999999999998        2.1361105059446808     
   3.5560000000000000        2.1341014717232860     
   3.5579999999999998        2.1320952285689021     
   3.5600000000000001        2.1300917714266809     
   3.5619999999999998        2.1280910952528411     
   3.5640000000000001        2.1260931950146329     
   3.5659999999999998        2.1240980656903186     
   3.5680000000000001        2.1221057022693581     
   3.5699999999999998        2.1201160997515407     
   3.5720000000000001        2.1181292531481795     
   3.5739999999999998        2.1161451574812986     
   3.5760000000000001        2.1141638077837892     
   3.5779999999999998        2.1121851990993932     
   3.5800000000000001        2.1102093264826678     
   3.5819999999999999        2.1082361849989613     
   3.5840000000000001        2.1062657697243887     
   3.5859999999999999        2.1042980757458012     
   3.5880000000000001        2.1023330981607615     
   3.5899999999999999        2.1003708320775170     
   3.5920000000000001        2.0984112726149715     
   3.5939999999999999        2.0964544149026638     
   3.5960000000000001        2.0945002540807343     
   3.5979999999999999        2.0925487852999032     
   3.6000000000000001        2.0906000037214452     
   3.6019999999999999        2.0886539045171575     
   3.6040000000000001        2.0867104828693415     
   3.6059999999999999        2.0847697339707696     
   3.6080000000000001        2.0828316530246638     
   3.6099999999999999        2.0808962352446696     
   3.6120000000000001        2.0789634758548257     
   3.6139999999999999        2.0770333700895440     
   3.6160000000000001        2.0751059131935814     
   3.6179999999999999        2.0731811004220120     
   3.6200000000000001        2.0712589270402058     
   3.6219999999999999        2.0693393883237992     
   3.6240000000000001        2.0674224795586724     
   3.6259999999999999        2.0655081960409230     
   3.6280000000000001        2.0635965330768409     
   3.6299999999999999        2.0616874859828829     
   3.6320000000000001        2.0597810500856450     
   3.6339999999999999        2.0578772207218443     
   3.6360000000000001        2.0559759932382859     
   3.6379999999999999        2.0540773629918427     
   3.6400000000000001        2.0521813253494292     
   3.6419999999999999        2.0502878756879768     
   3.6440000000000001        2.0483970093944093     
   3.6459999999999999        2.0465087218656168     
   3.6480000000000001        2.0446230085084336     
   3.6499999999999999        2.0427398647396120     
   3.6520000000000001        2.0408592859857966     
   3.6539999999999999        2.0389812676835017     
   3.6560000000000001        2.0371058052790878     
   3.6579999999999999        2.0352328942287348     
   3.6600000000000001        2.0333625299984188     
   3.6619999999999999        2.0314947080638883     
   3.6640000000000001        2.0296294239106403     
   3.6659999999999999        2.0277666730338955     
   3.6680000000000001        2.0259064509385718     
   3.6699999999999999        2.0240487531392692     
   3.6720000000000002        2.0221935751602338     
   3.6739999999999999        2.0203409125353429     
   3.6760000000000002        2.0184907608080787     
   3.6779999999999999        2.0166431155315032     
   3.6800000000000002        2.0147979722682368     
   3.6819999999999999        2.0129553265904319     
   3.6840000000000002        2.0111151740797535     
   3.6859999999999999        2.0092775103273524     
   3.6880000000000002        2.0074423309338418     
   3.6899999999999999        2.0056096315092780     
   3.6920000000000002        2.0037794076731315     
   3.6940000000000000        2.0019516550542682     
   3.6960000000000002        2.0001263692909235     
   3.6980000000000000        1.9983035460306815     
   3.7000000000000002        1.9964831809304504     
   3.7020000000000000        1.9946652696564420     
   3.7040000000000002        1.9928498078841423     
   3.7060000000000000        1.9910367912982998     
   3.7080000000000002        1.9892262155928897     
   3.7100000000000000        1.9874180764711040     
   3.7120000000000002        1.9856123696453178     
   3.7140000000000000        1.9838090908370745     
   3.7160000000000002        1.9820082357770594     
   3.7180000000000000        1.9802098002050785     
   3.7200000000000002        1.9784137798700354     
   3.7220000000000000        1.9766201705299111     
   3.7240000000000002        1.9748289679517379     
   3.7260000000000000        1.9730401679115819     
   3.7280000000000002        1.9712537661945153     
   3.7300000000000000        1.9694697585946010     
   3.7320000000000002        1.9676881409148637     
   3.7340000000000000        1.9659089089672732     
   3.7360000000000002        1.9641320585727198     
   3.7380000000000000        1.9623575855609932     
   3.7400000000000002        1.9605854857707601     
   3.7420000000000000        1.9588157550495444     
   3.7440000000000002        1.9570483892537021     
   3.7460000000000000        1.9552833842484041     
   3.7480000000000002        1.9535207359076097     
   3.7500000000000000        1.9517604401140503     
   3.7520000000000002        1.9500024927592015     
   3.7540000000000000        1.9482468897432705     
   3.7560000000000002        1.9464936269751647     
   3.7580000000000000        1.9447427003724798     
   3.7600000000000002        1.9429941058614708     
   3.7620000000000000        1.9412478393770363     
   3.7640000000000002        1.9395038968626950     
   3.7660000000000000        1.9377622742705647     
   3.7680000000000002        1.9360229675613412     
   3.7700000000000000        1.9342859727042798     
   3.7720000000000002        1.9325512856771683     
   3.7740000000000000        1.9308189024663156     
   3.7760000000000002        1.9290888190665210     
   3.7780000000000000        1.9273610314810614     
   3.7800000000000002        1.9256355357216646     
   3.7820000000000000        1.9239123278084931     
   3.7839999999999998        1.9221914037701220     
   3.7860000000000000        1.9204727596435169     
   3.7879999999999998        1.9187563914740167     
   3.7900000000000000        1.9170422953153090     
   3.7919999999999998        1.9153304672294149     
   3.7940000000000000        1.9136209032866645     
   3.7959999999999998        1.9119135995656784     
   3.7980000000000000        1.9102085521533476     
   3.7999999999999998        1.9085057571448116     
   3.8020000000000000        1.9068052106434425     
   3.8039999999999998        1.9051069087608203     
   3.8060000000000000        1.9034108476167155     
   3.8079999999999998        1.9017170233390686     
   3.8100000000000001        1.9000254320639698     
   3.8119999999999998        1.8983360699356409     
   3.8140000000000001        1.8966489331064134     
   3.8159999999999998        1.8949640177367093     
   3.8180000000000001        1.8932813199950231     
   3.8199999999999998        1.8916008360579015     
   3.8220000000000001        1.8899225621099203     
   3.8239999999999998        1.8882464943436712     
   3.8260000000000001        1.8865726289597369     
   3.8279999999999998        1.8849009621666772     
   3.8300000000000001        1.8832314901810019     
   3.8319999999999999        1.8815642092271596     
   3.8340000000000001        1.8798991155375124     
   3.8359999999999999        1.8782362053523225     
   3.8380000000000001        1.8765754749197265     
   3.8399999999999999        1.8749169204957210     
   3.8420000000000001        1.8732605383441432     
   3.8439999999999999        1.8716063247366488     
   3.8460000000000001        1.8699542759526973     
   3.8479999999999999        1.8683043882795300     
   3.8500000000000001        1.8666566580121515     
   3.8519999999999999        1.8650110814533138     
   3.8540000000000001        1.8633676549134932     
   3.8559999999999999        1.8617263747108748     
   3.8580000000000001        1.8600872371713333     
   3.8599999999999999        1.8584502386284145     
   3.8620000000000001        1.8568153754233132     
   3.8639999999999999        1.8551826439048626     
   3.8660000000000001        1.8535520404295072     
   3.8679999999999999        1.8519235613612903     
   3.8700000000000001        1.8502972030718328     
   3.8719999999999999        1.8486729619403173     
   3.8740000000000001        1.8470508343534664     
   3.8759999999999999        1.8454308167055280     
   3.8780000000000001        1.8438129053982546     
   3.8799999999999999        1.8421970968408885     
   3.8820000000000001        1.8405833874501378     
   3.8839999999999999        1.8389717736501670     
   3.8860000000000001        1.8373622518725683     
   3.8879999999999999        1.8357548185563559     
   3.8900000000000001        1.8341494701479364     
   3.8919999999999999        1.8325462031011017     
   3.8940000000000001        1.8309450138770007     
   3.8959999999999999        1.8293458989441316     
   3.8980000000000001        1.8277488547783154     
   3.8999999999999999        1.8261538778626871     
   3.9020000000000001        1.8245609646876686     
   3.9039999999999999        1.8229701117509598     
   3.9060000000000001        1.8213813155575158     
   3.9079999999999999        1.8197945726195310     
   3.9100000000000001        1.8182098794564217     
   3.9119999999999999        1.8166272325948103     
   3.9140000000000001        1.8150466285685041     
   3.9159999999999999        1.8134680639184837     
   3.9180000000000001        1.8118915351928790     
   3.9199999999999999        1.8103170389469585     
   3.9220000000000002        1.8087445717431081     
   3.9239999999999999        1.8071741301508162     
   3.9260000000000002        1.8056057107466543     
   3.9279999999999999        1.8040393101142636     
   3.9300000000000002        1.8024749248443339     
   3.9319999999999999        1.8009125515345896     
   3.9340000000000002        1.7993521867897726     
   3.9359999999999999        1.7977938272216247     
   3.9380000000000002        1.7962374694488710     
   3.9399999999999999        1.7946831100972029     
   3.9420000000000002        1.7931307457992633     
   3.9440000000000000        1.7915803731946278     
   3.9460000000000002        1.7900319889297880     
   3.9480000000000000        1.7884855896581373     
   3.9500000000000002        1.7869411720399511     
   3.9520000000000000        1.7853987327423757     
   3.9540000000000002        1.7838582684394040     
   3.9560000000000000        1.7823197758118681     
   3.9580000000000002        1.7807832515474149     
   3.9600000000000000        1.7792486923404951     
   3.9620000000000002        1.7777160948923445     
   3.9640000000000000        1.7761854559109709     
   3.9660000000000002        1.7746567721111322     
   3.9680000000000000        1.7731300402143271     
   3.9700000000000002        1.7716052569487737     
   3.9720000000000000        1.7700824190493951     
   3.9740000000000002        1.7685615232578062     
   3.9760000000000000        1.7670425663222937     
   3.9780000000000002        1.7655255449978031     
   3.9800000000000000        1.7640104560459196     
   3.9820000000000002        1.7624972962348577     
   3.9840000000000000        1.7609860623394387     
   3.9860000000000002        1.7594767511410812     
   3.9880000000000000        1.7579693594277812     
   3.9900000000000002        1.7564638839940976     
   3.9920000000000000        1.7549603216411405     
   3.9940000000000002        1.7534586691765457     
   3.9960000000000000        1.7519589234144717     
   3.9980000000000002        1.7504610811755750     
   4.0000000000000000        1.7489651392869989     
   4.0019999999999998        1.7474710945823566     
   4.0040000000000004        1.7459789439017148     
   4.0060000000000002        1.7444886840915832     
   4.0080000000000000        1.7430003120048936     
   4.0099999999999998        1.7415138245009876     
   4.0120000000000005        1.7400292184455994     
   4.0140000000000002        1.7385464907108450     
   4.0160000000000000        1.7370656381752025     
   4.0179999999999998        1.7355866577234973     
   4.0200000000000005        1.7341095462468901     
   4.0220000000000002        1.7326343006428611     
   4.0240000000000000        1.7311609178151921     
   4.0259999999999998        1.7296893946739551     
   4.0280000000000005        1.7282197281354952     
   4.0300000000000002        1.7267519151223107     
   4.0320000000000000        1.7252859525634709     
   4.0339999999999998        1.7238218373939407     
   4.0359999999999996        1.7223595665550133     
   4.0380000000000003        1.7208991369941813     
   4.0400000000000000        1.7194405456651269     
   4.0419999999999998        1.7179837895276986     
   4.0439999999999996        1.7165288655479025     
   4.0460000000000003        1.7150757706978879     
   4.0480000000000000        1.7136245019559304     
   4.0499999999999998        1.7121750563064193     
   4.0519999999999996        1.7107274307398417     
   4.0540000000000003        1.7092816222527683     
   4.0560000000000000        1.7078376278478424     
   4.0579999999999998        1.7063954445337606     
   4.0599999999999996        1.7049550693252602     
   4.0620000000000003        1.7035164992431069     
   4.0640000000000001        1.7020797313140799     
   4.0659999999999998        1.7006447625709564     
   4.0679999999999996        1.6992115900524976     
   4.0700000000000003        1.6977802108034354     
   4.0720000000000001        1.6963506218744602     
   4.0739999999999998        1.6949228203222031     
   4.0759999999999996        1.6934968032092237     
   4.0780000000000003        1.6920725676039974     
   4.0800000000000001        1.6906501105808995     
   4.0819999999999999        1.6892294292201937     
   4.0839999999999996        1.6878105206080147     
   4.0860000000000003        1.6863933818363577     
   4.0880000000000001        1.6849780100030645     
   4.0899999999999999        1.6835644022118073     
   4.0919999999999996        1.6821525555720764     
   4.0940000000000003        1.6807424671991682     
   4.0960000000000001        1.6793341342141697     
   4.0979999999999999        1.6779275537439444     
   4.0999999999999996        1.6765227229211210     
   4.1020000000000003        1.6751196388840768     
   4.1040000000000001        1.6737182987769297     
   4.1059999999999999        1.6723186997495163     
   4.1079999999999997        1.6709208389573875     
   4.1100000000000003        1.6695247135617888     
   4.1120000000000001        1.6681303207296505     
   4.1139999999999999        1.6667376576335728     
   4.1159999999999997        1.6653467214518123     
   4.1180000000000003        1.6639575093682679     
   4.1200000000000001        1.6625700185724748     
   4.1219999999999999        1.6611842462595792     
   4.1239999999999997        1.6598001896303354     
   4.1260000000000003        1.6584178458910870     
   4.1280000000000001        1.6570372122537584     
   4.1299999999999999        1.6556582859358373     
   4.1319999999999997        1.6542810641603627     
   4.1340000000000003        1.6529055441559153     
   4.1360000000000001        1.6515317231566025     
   4.1379999999999999        1.6501595984020425     
   4.1399999999999997        1.6487891671373560     
   4.1420000000000003        1.6474204266131516     
   4.1440000000000001        1.6460533740855139     
   4.1459999999999999        1.6446880068159875     
   4.1479999999999997        1.6433243220715694     
   4.1500000000000004        1.6419623171246913     
   4.1520000000000001        1.6406019892532118     
   4.1539999999999999        1.6392433357403997     
   4.1559999999999997        1.6378863538749229     
   4.1580000000000004        1.6365310409508369     
   4.1600000000000001        1.6351773942675707     
   4.1619999999999999        1.6338254111299158     
   4.1639999999999997        1.6324750888480120     
   4.1660000000000004        1.6311264247373365     
   4.1680000000000001        1.6297794161186918     
   4.1699999999999999        1.6284340603181913     
   4.1719999999999997        1.6270903546672488     
   4.1740000000000004        1.6257482965025662     
   4.1760000000000002        1.6244078831661199     
   4.1779999999999999        1.6230691120051490     
   4.1799999999999997        1.6217319803721453     
   4.1820000000000004        1.6203964856248376     
   4.1840000000000002        1.6190626251261826     
   4.1859999999999999        1.6177303962443512     
   4.1879999999999997        1.6163997963527159     
   4.1900000000000004        1.6150708228298405     
   4.1920000000000002        1.6137434730594680     
   4.1940000000000000        1.6124177444305070     
   4.1959999999999997        1.6110936343370208     
   4.1980000000000004        1.6097711401782147     
   4.2000000000000002        1.6084502593584278     
   4.2020000000000000        1.6071309892871137     
   4.2039999999999997        1.6058133273788366     
   4.2060000000000004        1.6044972710532532     
   4.2080000000000002        1.6031828177351082     
   4.2100000000000000        1.6018699648541848     
   4.2119999999999997        1.6005587098454448     
   4.2140000000000004        1.5992490501487266     
   4.2160000000000002        1.5979409832090505     
   4.2180000000000000        1.5966345064762943     
   4.2199999999999998        1.5953296174055667     
   4.2220000000000004        1.5940263134568331     
   4.2240000000000002        1.5927245920950848     
   4.2260000000000000        1.5914244507902926     
   4.2279999999999998        1.5901258870173964     
   4.2300000000000004        1.5888288982562897     
   4.2320000000000002        1.5875334819918152     
   4.2340000000000000        1.5862396357137456     
   4.2359999999999998        1.5849473569167782     
   4.2380000000000004        1.5836566431005190     
   4.2400000000000002        1.5823674917694770     
   4.2420000000000000        1.5810799004330465     
   4.2439999999999998        1.5797938666055007     
   4.2460000000000004        1.5785093878059782     
   4.2480000000000002        1.5772264615584748     
   4.2500000000000000        1.5759450853918264     
   4.2519999999999998        1.5746652568397042     
   4.2540000000000004        1.5733869734406003     
   4.2560000000000002        1.5721102327378180     
   4.2580000000000000        1.5708350322794602     
   4.2599999999999998        1.5695613696184163     
   4.2620000000000005        1.5682892423123564     
   4.2640000000000002        1.5670186479237154     
   4.2660000000000000        1.5657495840196851     
   4.2679999999999998        1.5644820481722008     
   4.2700000000000005        1.5632160379579336     
   4.2720000000000002        1.5619515509582773     
   4.2740000000000000        1.5606885847593372     
   4.2759999999999998        1.5594271369519230     
   4.2780000000000005        1.5581672051315314     
   4.2800000000000002        1.5569087868983438     
   4.2820000000000000        1.5556518798572088     
   4.2839999999999998        1.5543964816176332     
   4.2860000000000005        1.5531425897937736     
   4.2880000000000003        1.5518902020044252     
   4.2900000000000000        1.5506393158730085     
   4.2919999999999998        1.5493899290275610     
   4.2939999999999996        1.5481420391007286     
   4.2960000000000003        1.5468956437297490     
   4.2980000000000000        1.5456507405564490     
   4.2999999999999998        1.5444073272272272     
   4.3019999999999996        1.5431654013930480     
   4.3040000000000003        1.5419249607094299     
   4.3060000000000000        1.5406860028364349     
   4.3079999999999998        1.5394485254386574     
   4.3099999999999996        1.5382125261852164     
   4.3120000000000003        1.5369780027497422     
   4.3140000000000001        1.5357449528103682     
   4.3159999999999998        1.5345133740497203     
   4.3179999999999996        1.5332832641549059     
   4.3200000000000003        1.5320546208175054     
   4.3220000000000001        1.5308274417335592     
   4.3239999999999998        1.5296017246035614     
   4.3259999999999996        1.5283774671324453     
   4.3280000000000003        1.5271546670295777     
   4.3300000000000001        1.5259333220087465     
   4.3319999999999999        1.5247134297881513     
   4.3339999999999996        1.5234949880903910     
   4.3360000000000003        1.5222779946424581     
   4.3380000000000001        1.5210624471757270     
   4.3399999999999999        1.5198483434259420     
   4.3419999999999996        1.5186356811332105     
   4.3440000000000003        1.5174244580419911     
   4.3460000000000001        1.5162146719010845     
   4.3479999999999999        1.5150063204636248     
   4.3499999999999996        1.5137994014870670     
   4.3520000000000003        1.5125939127331789     
   4.3540000000000001        1.5113898519680333     
   4.3559999999999999        1.5101872169619939     
   4.3579999999999997        1.5089860054897086     
   4.3600000000000003        1.5077862153300994     
   4.3620000000000001        1.5065878442663538     
   4.3639999999999999        1.5053908900859123     
   4.3659999999999997        1.5041953505804606     
   4.3680000000000003        1.5030012235459198     
   4.3700000000000001        1.5018085067824392     
   4.3719999999999999        1.5006171980943825     
   4.3739999999999997        1.4994272952903203     
   4.3760000000000003        1.4982387961830208     
   4.3780000000000001        1.4970516985894415     
   4.3799999999999999        1.4958660003307165     
   4.3819999999999997        1.4946816992321525     
   4.3840000000000003        1.4934987931232115     
   4.3860000000000001        1.4923172798375099     
   4.3879999999999999        1.4911371572128043     
   4.3899999999999997        1.4899584230909813     
   4.3920000000000003        1.4887810753180524     
   4.3940000000000001        1.4876051117441429     
   4.3959999999999999        1.4864305302234795     
   4.3979999999999997        1.4852573286143862     
   4.4000000000000004        1.4840855047792723     
   4.4020000000000001        1.4829150565846223     
   4.4039999999999999        1.4817459819009910     
   4.4059999999999997        1.4805782786029891     
   4.4080000000000004        1.4794119445692770     
   4.4100000000000001        1.4782469776825566     
   4.4119999999999999        1.4770833758295598     
   4.4139999999999997        1.4759211369010414     
   4.4160000000000004        1.4747602587917676     
   4.4180000000000001        1.4736007394005122     
   4.4199999999999999        1.4724425766300400     
   4.4219999999999997        1.4712857683871068     
   4.4240000000000004        1.4701303125824403     
   4.4260000000000002        1.4689762071307413     
   4.4279999999999999        1.4678234499506693     
   4.4299999999999997        1.4666720389648331     
   4.4320000000000004        1.4655219720997839     
   4.4340000000000002        1.4643732472860083     
   4.4359999999999999        1.4632258624579138     
   4.4379999999999997        1.4620798155538262     
   4.4400000000000004        1.4609351045159771     
   4.4420000000000002        1.4597917272904970     
   4.4440000000000000        1.4586496818274062     
   4.4459999999999997        1.4575089660806044     
   4.4480000000000004        1.4563695780078652     
   4.4500000000000002        1.4552315155708249     
   4.4520000000000000        1.4540947767349761     
   4.4539999999999997        1.4529593594696550     
   4.4560000000000004        1.4518252617480394     
   4.4580000000000002        1.4506924815471338     
   4.4600000000000000        1.4495610168477657     
   4.4619999999999997        1.4484308656345730     
   4.4640000000000004        1.4473020258959972     
   4.4660000000000002        1.4461744956242795     
   4.4680000000000000        1.4450482728155791     
   4.4699999999999998        1.4439233554694433     
   4.4720000000000004        1.4427997415895686     
   4.4740000000000002        1.4416774291832914     
   4.4760000000000000        1.4405564162617015     
   4.4779999999999998        1.4394367008396340     
   4.4800000000000004        1.4383182809356598     
   4.4820000000000002        1.4372011545720804     
   4.4840000000000000        1.4360853197749177     
   4.4859999999999998        1.4349707745739040     
   4.4880000000000004        1.4338575170024763     
   4.4900000000000002        1.4327455450977684     
   4.4920000000000000        1.4316348569006017     
   4.4939999999999998        1.4305254504554741     
   4.4960000000000004        1.4294173238105590     
   4.4980000000000002        1.4283104750176900     
   4.5000000000000000        1.4272049021323581     
