   2.5000000000000000       0.96104330359170220     
   2.5019999999999998       0.95982378835433957     
   2.5040000000000000       0.95860657601780075     
   2.5059999999999998       0.95739166084382743     
   2.5080000000000000       0.95617903711179331     
   2.5099999999999998       0.95496869911864313     
   2.5120000000000000       0.95376064117882542     
   2.5139999999999998       0.95255485762423397     
   2.5160000000000000       0.95135134280413947     
   2.5179999999999998       0.95015009108512993     
   2.5200000000000000       0.94895109685104806     
   2.5219999999999998       0.94775435450292755     
   2.5240000000000000       0.94655985845893120     
   2.5259999999999998       0.94536760315429036     
   2.5280000000000000       0.94417758304124233     
   2.5299999999999998       0.94298979258896864     
   2.5320000000000000       0.94180422628353622     
   2.5339999999999998       0.94062087862783317     
   2.5360000000000000       0.93943974414151077     
   2.5379999999999998       0.93826081736092282     
   2.5400000000000000       0.93708409283906502     
   2.5419999999999998       0.93590956514551504     
   2.5440000000000000       0.93473722886637345     
   2.5459999999999998       0.93356707860420496     
   2.5480000000000000       0.93239910897797662     
   2.5499999999999998       0.93123331462300329     
   2.5520000000000000       0.93006969019088470     
   2.5539999999999998       0.92890823034945114     
   2.5560000000000000       0.92774892978270118     
   2.5579999999999998       0.92659178319074786     
   2.5600000000000001       0.92543678528975715     
   2.5619999999999998       0.92428393081189431     
   2.5640000000000001       0.92313321450526353     
   2.5659999999999998       0.92198463113385354     
   2.5680000000000001       0.92083817547747870     
   2.5699999999999998       0.91969384233172424     
   2.5720000000000001       0.91855162650788846     
   2.5739999999999998       0.91741152283292859     
   2.5760000000000001       0.91627352614940327     
   2.5779999999999998       0.91513763131541848     
   2.5800000000000001       0.91400383320457002     
   2.5819999999999999       0.91287212670589124     
   2.5840000000000001       0.91174250672379598     
   2.5859999999999999       0.91061496817802490     
   2.5880000000000001       0.90948950600358969     
   2.5899999999999999       0.90836611515076637     
   2.5920000000000001       0.90724479058486440     
   2.5939999999999999       0.90612552728642892     
   2.5960000000000001       0.90500832025102040     
   2.5979999999999999       0.90389316448920409     
   2.6000000000000001       0.90278005502649317     
   2.6019999999999999       0.90166898690329988     
   2.6040000000000001       0.90055995517487930     
   2.6059999999999999       0.89945295491128008     
   2.6080000000000001       0.89834798119728909     
   2.6099999999999999       0.89724502913238191     
   2.6120000000000001       0.89614409383066851     
   2.6139999999999999       0.89504517042084453     
   2.6160000000000001       0.89394825404613698     
   2.6179999999999999       0.89285333986425564     
   2.6200000000000001       0.89176042304733882     
   2.6219999999999999       0.89066949878190660     
   2.6240000000000001       0.88958056226880589     
   2.6259999999999999       0.88849360872316407     
   2.6280000000000001       0.88740863337433507     
   2.6299999999999999       0.88632563146585297     
   2.6320000000000001       0.88524459825537871     
   2.6339999999999999       0.88416552901465373     
   2.6360000000000001       0.88308841902944735     
   2.6379999999999999       0.88201326359951071     
   2.6400000000000001       0.88094005803852504     
   2.6419999999999999       0.87986879767405568     
   2.6440000000000001       0.87879947784749957     
   2.6459999999999999       0.87773209391404117     
   2.6480000000000001       0.87666664124260085     
   2.6499999999999999       0.87560311521578915     
   2.6520000000000001       0.87454151122985702     
   2.6539999999999999       0.87348182469464997     
   2.6560000000000001       0.87242405103355880     
   2.6579999999999999       0.87136818568347463     
   2.6600000000000001       0.87031422409473880     
   2.6619999999999999       0.86926216173109905     
   2.6640000000000001       0.86821199406966054     
   2.6659999999999999       0.86716371660084057     
   2.6680000000000001       0.86611732482832138     
   2.6699999999999999       0.86507281426900595     
   2.6720000000000002       0.86403018045296820     
   2.6739999999999999       0.86298941892341163     
   2.6760000000000002       0.86195052523662030     
   2.6779999999999999       0.86091349496191560     
   2.6800000000000002       0.85987832368160988     
   2.6819999999999999       0.85884500699096167     
   2.6840000000000002       0.85781354049813097     
   2.6859999999999999       0.85678391982413393     
   2.6880000000000002       0.85575614060279925     
   2.6899999999999999       0.85473019848072307     
   2.6920000000000002       0.85370608911722567     
   2.6940000000000000       0.85268380818430567     
   2.6960000000000002       0.85166335136659910     
   2.6980000000000000       0.85064471436133204     
   2.7000000000000002       0.84962789287828111     
   2.7020000000000000       0.84861288263972734     
   2.7040000000000002       0.84759967938041358     
   2.7060000000000000       0.84658827884750265     
   2.7080000000000002       0.84557867680053311     
   2.7100000000000000       0.84457086901137801     
   2.7120000000000002       0.84356485126420078     
   2.7140000000000000       0.84256061935541482     
   2.7160000000000002       0.84155816909363990     
   2.7180000000000000       0.84055749629966103     
   2.7200000000000002       0.83955859680638567     
   2.7220000000000000       0.83856146645880414     
   2.7240000000000002       0.83756610111394569     
   2.7260000000000000                            NaN
   2.7280000000000002                            NaN
   2.7300000000000000                            NaN
   2.7320000000000002                            NaN
   2.7340000000000000                            NaN
   2.7360000000000002                            NaN
   2.7380000000000000                            NaN
   2.7400000000000002                            NaN
   2.7420000000000000                            NaN
   2.7440000000000002                            NaN
   2.7460000000000000                            NaN
   2.7480000000000002                            NaN
   2.7500000000000000                            NaN
   2.7520000000000002                            NaN
   2.7540000000000000                            NaN
   2.7560000000000002                            NaN
   2.7580000000000000                            NaN
   2.7599999999999998                            NaN
   2.7620000000000000                            NaN
   2.7639999999999998                            NaN
   2.7660000000000000                            NaN
   2.7679999999999998                            NaN
   2.7700000000000000                            NaN
   2.7719999999999998                            NaN
   2.7740000000000000                            NaN
   2.7759999999999998                            NaN
   2.7780000000000000                            NaN
   2.7799999999999998                            NaN
   2.7820000000000000                            NaN
   2.7839999999999998                            NaN
   2.7860000000000000                            NaN
   2.7879999999999998                            NaN
   2.7900000000000000                            NaN
   2.7919999999999998                            NaN
   2.7940000000000000                            NaN
   2.7959999999999998                            NaN
   2.7980000000000000                            NaN
   2.7999999999999998                            NaN
   2.8020000000000000                            NaN
   2.8039999999999998                            NaN
   2.8060000000000000                            NaN
   2.8079999999999998                            NaN
   2.8100000000000001                            NaN
   2.8119999999999998                            NaN
   2.8140000000000001                            NaN
   2.8159999999999998                            NaN
   2.8180000000000001                            NaN
   2.8199999999999998                            NaN
   2.8220000000000001                            NaN
   2.8239999999999998                            NaN
   2.8260000000000001                            NaN
   2.8279999999999998                            NaN
   2.8300000000000001                            NaN
   2.8319999999999999                            NaN
   2.8340000000000001                            NaN
   2.8359999999999999                            NaN
   2.8380000000000001                            NaN
   2.8399999999999999                            NaN
   2.8420000000000001                            NaN
   2.8439999999999999                            NaN
   2.8460000000000001                            NaN
   2.8479999999999999                            NaN
   2.8500000000000001                            NaN
   2.8519999999999999                            NaN
   2.8540000000000001                            NaN
   2.8559999999999999                            NaN
   2.8580000000000001                            NaN
   2.8599999999999999                            NaN
   2.8620000000000001                            NaN
   2.8639999999999999                            NaN
   2.8660000000000001                            NaN
   2.8679999999999999                            NaN
   2.8700000000000001                            NaN
   2.8719999999999999                            NaN
   2.8740000000000001                            NaN
   2.8759999999999999                            NaN
   2.8780000000000001                            NaN
   2.8799999999999999                            NaN
   2.8820000000000001                            NaN
   2.8839999999999999                            NaN
   2.8860000000000001                            NaN
   2.8879999999999999                            NaN
   2.8900000000000001                            NaN
   2.8919999999999999                            NaN
   2.8940000000000001                            NaN
   2.8959999999999999                            NaN
   2.8980000000000001                            NaN
   2.8999999999999999                            NaN
   2.9020000000000001                            NaN
   2.9039999999999999                            NaN
   2.9060000000000001                            NaN
   2.9079999999999999                            NaN
   2.9100000000000001                            NaN
   2.9119999999999999                            NaN
   2.9140000000000001                            NaN
   2.9159999999999999                            NaN
   2.9180000000000001                            NaN
   2.9199999999999999                            NaN
   2.9220000000000002                            NaN
   2.9239999999999999                            NaN
   2.9260000000000002                            NaN
   2.9279999999999999                            NaN
   2.9300000000000002                            NaN
   2.9319999999999999                            NaN
   2.9340000000000002                            NaN
   2.9359999999999999                            NaN
   2.9380000000000002                            NaN
   2.9399999999999999                            NaN
   2.9420000000000002                            NaN
   2.9440000000000000                            NaN
   2.9460000000000002                            NaN
   2.9480000000000000                            NaN
   2.9500000000000002                            NaN
   2.9520000000000000                            NaN
   2.9540000000000002                            NaN
   2.9560000000000000                            NaN
   2.9580000000000002                            NaN
   2.9600000000000000                            NaN
   2.9620000000000002                            NaN
   2.9640000000000000                            NaN
   2.9660000000000002                            NaN
   2.9680000000000000                            NaN
   2.9700000000000002                            NaN
   2.9720000000000000                            NaN
   2.9740000000000002                            NaN
   2.9760000000000000                            NaN
   2.9780000000000002                            NaN
   2.9800000000000000                            NaN
   2.9820000000000002                            NaN
   2.9840000000000000                            NaN
   2.9860000000000002                            NaN
   2.9880000000000000                            NaN
   2.9900000000000002                            NaN
   2.9920000000000000                            NaN
   2.9940000000000002                            NaN
   2.9960000000000000                            NaN
   2.9980000000000002                            NaN
   3.0000000000000000                            NaN
   3.0020000000000002                            NaN
   3.0040000000000000                            NaN
   3.0060000000000002                            NaN
   3.0080000000000000                            NaN
   3.0100000000000002                            NaN
   3.0120000000000000                            NaN
   3.0139999999999998                            NaN
   3.0160000000000000                            NaN
   3.0179999999999998                            NaN
   3.0200000000000000                            NaN
   3.0219999999999998                            NaN
   3.0240000000000000                            NaN
   3.0259999999999998                            NaN
   3.0280000000000000                            NaN
   3.0299999999999998                            NaN
   3.0320000000000000                            NaN
   3.0339999999999998                            NaN
   3.0360000000000000                            NaN
   3.0379999999999998                            NaN
   3.0400000000000000                            NaN
   3.0419999999999998                            NaN
   3.0440000000000000                            NaN
   3.0459999999999998                            NaN
   3.0480000000000000                            NaN
   3.0499999999999998                            NaN
   3.0520000000000000                            NaN
   3.0539999999999998                            NaN
   3.0560000000000000                            NaN
   3.0579999999999998                            NaN
   3.0600000000000001                            NaN
   3.0619999999999998                            NaN
   3.0640000000000001                            NaN
   3.0659999999999998                            NaN
   3.0680000000000001                            NaN
   3.0699999999999998                            NaN
   3.0720000000000001                            NaN
   3.0739999999999998                            NaN
   3.0760000000000001                            NaN
   3.0779999999999998                            NaN
   3.0800000000000001                            NaN
   3.0819999999999999                            NaN
   3.0840000000000001                            NaN
   3.0859999999999999                            NaN
   3.0880000000000001                            NaN
   3.0899999999999999                            NaN
   3.0920000000000001                            NaN
   3.0939999999999999                            NaN
   3.0960000000000001                            NaN
   3.0979999999999999                            NaN
   3.1000000000000001                            NaN
   3.1019999999999999                            NaN
   3.1040000000000001                            NaN
   3.1059999999999999                            NaN
   3.1080000000000001                            NaN
   3.1099999999999999                            NaN
   3.1120000000000001                            NaN
   3.1139999999999999                            NaN
   3.1160000000000001                            NaN
   3.1179999999999999                            NaN
   3.1200000000000001                            NaN
   3.1219999999999999                            NaN
   3.1240000000000001                            NaN
   3.1259999999999999                            NaN
   3.1280000000000001                            NaN
   3.1299999999999999                            NaN
   3.1320000000000001                            NaN
   3.1339999999999999                            NaN
   3.1360000000000001                            NaN
   3.1379999999999999                            NaN
   3.1400000000000001                            NaN
   3.1419999999999999                            NaN
   3.1440000000000001                            NaN
   3.1459999999999999                            NaN
   3.1480000000000001                            NaN
   3.1499999999999999                            NaN
   3.1520000000000001                            NaN
   3.1539999999999999                            NaN
   3.1560000000000001                            NaN
   3.1579999999999999                            NaN
   3.1600000000000001                            NaN
   3.1619999999999999                            NaN
   3.1640000000000001                            NaN
   3.1659999999999999                            NaN
   3.1680000000000001                            NaN
   3.1699999999999999                            NaN
   3.1720000000000002                            NaN
   3.1739999999999999                            NaN
   3.1760000000000002                            NaN
   3.1779999999999999                            NaN
   3.1800000000000002                            NaN
   3.1819999999999999                            NaN
   3.1840000000000002                            NaN
   3.1859999999999999                            NaN
   3.1880000000000002                            NaN
   3.1899999999999999                            NaN
   3.1920000000000002                            NaN
   3.1940000000000000                            NaN
   3.1960000000000002                            NaN
   3.1980000000000000                            NaN
   3.2000000000000002                            NaN
   3.2020000000000000                            NaN
   3.2040000000000002                            NaN
   3.2060000000000000                            NaN
   3.2080000000000002                            NaN
   3.2100000000000000                            NaN
   3.2120000000000002                            NaN
   3.2140000000000000                            NaN
   3.2160000000000002                            NaN
   3.2180000000000000                            NaN
   3.2200000000000002                            NaN
   3.2220000000000000                            NaN
   3.2240000000000002                            NaN
   3.2260000000000000                            NaN
   3.2280000000000002                            NaN
   3.2300000000000000                            NaN
   3.2320000000000002                            NaN
   3.2340000000000000                            NaN
   3.2360000000000002                            NaN
   3.2380000000000000                            NaN
   3.2400000000000002                            NaN
   3.2420000000000000                            NaN
   3.2440000000000002                            NaN
   3.2460000000000000                            NaN
   3.2480000000000002                            NaN
   3.2500000000000000                            NaN
   3.2520000000000002                            NaN
   3.2540000000000000                            NaN
   3.2560000000000002                            NaN
   3.2580000000000000                            NaN
   3.2600000000000002                            NaN
   3.2620000000000000                            NaN
   3.2640000000000002                            NaN
   3.2660000000000000                            NaN
   3.2679999999999998                            NaN
   3.2700000000000000                            NaN
   3.2719999999999998                            NaN
   3.2740000000000000                            NaN
   3.2759999999999998                            NaN
   3.2780000000000000                            NaN
   3.2799999999999998                            NaN
   3.2820000000000000                            NaN
   3.2839999999999998                            NaN
   3.2860000000000000                            NaN
   3.2879999999999998                            NaN
   3.2900000000000000                            NaN
   3.2919999999999998                            NaN
   3.2940000000000000                            NaN
   3.2959999999999998                            NaN
   3.2980000000000000                            NaN
   3.2999999999999998                            NaN
   3.3020000000000000                            NaN
   3.3039999999999998                            NaN
   3.3060000000000000                            NaN
   3.3079999999999998                            NaN
   3.3100000000000001                            NaN
   3.3119999999999998                            NaN
   3.3140000000000001                            NaN
   3.3159999999999998                            NaN
   3.3180000000000001                            NaN
   3.3199999999999998                            NaN
   3.3220000000000001                            NaN
   3.3239999999999998                            NaN
   3.3260000000000001                            NaN
   3.3279999999999998                            NaN
   3.3300000000000001                            NaN
   3.3319999999999999                            NaN
   3.3340000000000001                            NaN
   3.3359999999999999                            NaN
   3.3380000000000001                            NaN
   3.3399999999999999                            NaN
   3.3420000000000001                            NaN
   3.3439999999999999                            NaN
   3.3460000000000001                            NaN
   3.3479999999999999                            NaN
   3.3500000000000001                            NaN
   3.3519999999999999                            NaN
   3.3540000000000001                            NaN
   3.3559999999999999                            NaN
   3.3580000000000001                            NaN
   3.3599999999999999                            NaN
   3.3620000000000001                            NaN
   3.3639999999999999                            NaN
   3.3660000000000001                            NaN
   3.3679999999999999                            NaN
   3.3700000000000001                            NaN
   3.3719999999999999                            NaN
   3.3740000000000001                            NaN
   3.3759999999999999                            NaN
   3.3780000000000001                            NaN
   3.3799999999999999                            NaN
   3.3820000000000001                            NaN
   3.3839999999999999                            NaN
   3.3860000000000001                            NaN
   3.3879999999999999                            NaN
   3.3900000000000001                            NaN
   3.3919999999999999                            NaN
   3.3940000000000001                            NaN
   3.3959999999999999                            NaN
   3.3980000000000001                            NaN
   3.3999999999999999                            NaN
   3.4020000000000001                            NaN
   3.4039999999999999                            NaN
   3.4060000000000001                            NaN
   3.4079999999999999                            NaN
   3.4100000000000001                            NaN
   3.4119999999999999                            NaN
   3.4140000000000001                            NaN
   3.4159999999999999                            NaN
   3.4180000000000001                            NaN
   3.4199999999999999                            NaN
   3.4220000000000002                            NaN
   3.4239999999999999                            NaN
   3.4260000000000002                            NaN
   3.4279999999999999                            NaN
   3.4300000000000002                            NaN
   3.4319999999999999                            NaN
   3.4340000000000002                            NaN
   3.4359999999999999                            NaN
   3.4380000000000002                            NaN
   3.4399999999999999                            NaN
   3.4420000000000002                            NaN
   3.4440000000000000                            NaN
   3.4460000000000002                            NaN
   3.4480000000000000                            NaN
   3.4500000000000002                            NaN
   3.4520000000000000                            NaN
   3.4540000000000002                            NaN
   3.4560000000000000                            NaN
   3.4580000000000002                            NaN
   3.4600000000000000                            NaN
   3.4620000000000002                            NaN
   3.4640000000000000                            NaN
   3.4660000000000002                            NaN
   3.4680000000000000                            NaN
   3.4700000000000002                            NaN
   3.4720000000000000                            NaN
   3.4740000000000002                            NaN
   3.4760000000000000                            NaN
   3.4780000000000002                            NaN
   3.4800000000000000                            NaN
   3.4820000000000002                            NaN
   3.4840000000000000                            NaN
   3.4860000000000002                            NaN
   3.4880000000000000                            NaN
   3.4900000000000002                            NaN
   3.4920000000000000                            NaN
   3.4940000000000002                            NaN
   3.4960000000000000                            NaN
   3.4980000000000002                            NaN
   3.5000000000000000                            NaN
   3.5020000000000002                            NaN
   3.5040000000000000                            NaN
   3.5060000000000002                            NaN
   3.5080000000000000                            NaN
   3.5100000000000002                            NaN
   3.5120000000000000                            NaN
   3.5140000000000002                            NaN
   3.5160000000000000                            NaN
   3.5180000000000002                            NaN
   3.5200000000000000                            NaN
   3.5220000000000002                            NaN
   3.5240000000000000                            NaN
   3.5259999999999998                            NaN
   3.5280000000000000                            NaN
   3.5299999999999998                            NaN
   3.5320000000000000                            NaN
   3.5339999999999998                            NaN
   3.5360000000000000                            NaN
   3.5379999999999998                            NaN
   3.5400000000000000                            NaN
   3.5419999999999998                            NaN
   3.5440000000000000                            NaN
   3.5459999999999998                            NaN
   3.5480000000000000                            NaN
   3.5499999999999998                            NaN
   3.5520000000000000                            NaN
   3.5539999999999998                            NaN
   3.5560000000000000                            NaN
   3.5579999999999998                            NaN
   3.5600000000000001                            NaN
   3.5619999999999998                            NaN
   3.5640000000000001                            NaN
   3.5659999999999998                            NaN
   3.5680000000000001                            NaN
   3.5699999999999998                            NaN
   3.5720000000000001                            NaN
   3.5739999999999998                            NaN
   3.5760000000000001                            NaN
   3.5779999999999998                            NaN
   3.5800000000000001                            NaN
   3.5819999999999999                            NaN
   3.5840000000000001                            NaN
   3.5859999999999999                            NaN
   3.5880000000000001                            NaN
   3.5899999999999999                            NaN
   3.5920000000000001                            NaN
   3.5939999999999999                            NaN
   3.5960000000000001                            NaN
   3.5979999999999999                            NaN
   3.6000000000000001                            NaN
   3.6019999999999999                            NaN
   3.6040000000000001                            NaN
   3.6059999999999999                            NaN
   3.6080000000000001                            NaN
   3.6099999999999999                            NaN
   3.6120000000000001                            NaN
   3.6139999999999999                            NaN
   3.6160000000000001                            NaN
   3.6179999999999999                            NaN
   3.6200000000000001                            NaN
   3.6219999999999999                            NaN
   3.6240000000000001                            NaN
   3.6259999999999999                            NaN
   3.6280000000000001                            NaN
   3.6299999999999999                            NaN
   3.6320000000000001                            NaN
   3.6339999999999999                            NaN
   3.6360000000000001                            NaN
   3.6379999999999999                            NaN
   3.6400000000000001                            NaN
   3.6419999999999999                            NaN
   3.6440000000000001                            NaN
   3.6459999999999999                            NaN
   3.6480000000000001                            NaN
   3.6499999999999999                            NaN
   3.6520000000000001                            NaN
   3.6539999999999999                            NaN
   3.6560000000000001                            NaN
   3.6579999999999999                            NaN
   3.6600000000000001                            NaN
   3.6619999999999999                            NaN
   3.6640000000000001                            NaN
   3.6659999999999999                            NaN
   3.6680000000000001                            NaN
   3.6699999999999999                            NaN
   3.6720000000000002                            NaN
   3.6739999999999999                            NaN
   3.6760000000000002                            NaN
   3.6779999999999999                            NaN
   3.6800000000000002                            NaN
   3.6819999999999999                            NaN
   3.6840000000000002                            NaN
   3.6859999999999999                            NaN
   3.6880000000000002                            NaN
   3.6899999999999999                            NaN
   3.6920000000000002                            NaN
   3.6940000000000000                            NaN
   3.6960000000000002                            NaN
   3.6980000000000000                            NaN
   3.7000000000000002                            NaN
   3.7020000000000000                            NaN
   3.7040000000000002                            NaN
   3.7060000000000000                            NaN
   3.7080000000000002                            NaN
   3.7100000000000000                            NaN
   3.7120000000000002                            NaN
   3.7140000000000000                            NaN
   3.7160000000000002                            NaN
   3.7180000000000000                            NaN
   3.7200000000000002                            NaN
   3.7220000000000000                            NaN
   3.7240000000000002                            NaN
   3.7260000000000000                            NaN
   3.7280000000000002                            NaN
   3.7300000000000000                            NaN
   3.7320000000000002                            NaN
   3.7340000000000000                            NaN
   3.7360000000000002                            NaN
   3.7380000000000000                            NaN
   3.7400000000000002                            NaN
   3.7420000000000000                            NaN
   3.7440000000000002                            NaN
   3.7460000000000000                            NaN
   3.7480000000000002                            NaN
   3.7500000000000000                            NaN
   3.7520000000000002                            NaN
   3.7540000000000000                            NaN
   3.7560000000000002                            NaN
   3.7580000000000000                            NaN
   3.7600000000000002                            NaN
   3.7620000000000000                            NaN
   3.7640000000000002                            NaN
   3.7660000000000000                            NaN
   3.7680000000000002                            NaN
   3.7700000000000000                            NaN
   3.7720000000000002                            NaN
   3.7740000000000000                            NaN
   3.7760000000000002                            NaN
   3.7780000000000000                            NaN
   3.7800000000000002                            NaN
   3.7820000000000000                            NaN
   3.7839999999999998                            NaN
   3.7860000000000000                            NaN
   3.7879999999999998                            NaN
   3.7900000000000000                            NaN
   3.7919999999999998                            NaN
   3.7940000000000000                            NaN
   3.7959999999999998                            NaN
   3.7980000000000000                            NaN
   3.7999999999999998                            NaN
   3.8020000000000000                            NaN
   3.8039999999999998                            NaN
   3.8060000000000000                            NaN
   3.8079999999999998                            NaN
   3.8100000000000001                            NaN
   3.8119999999999998                            NaN
   3.8140000000000001                            NaN
   3.8159999999999998                            NaN
   3.8180000000000001                            NaN
   3.8199999999999998                            NaN
   3.8220000000000001                            NaN
   3.8239999999999998                            NaN
   3.8260000000000001                            NaN
   3.8279999999999998                            NaN
   3.8300000000000001                            NaN
   3.8319999999999999                            NaN
   3.8340000000000001                            NaN
   3.8359999999999999                            NaN
   3.8380000000000001                            NaN
   3.8399999999999999                            NaN
   3.8420000000000001                            NaN
   3.8439999999999999                            NaN
   3.8460000000000001                            NaN
   3.8479999999999999                            NaN
   3.8500000000000001                            NaN
   3.8519999999999999                            NaN
   3.8540000000000001                            NaN
   3.8559999999999999                            NaN
   3.8580000000000001                            NaN
   3.8599999999999999                            NaN
   3.8620000000000001                            NaN
   3.8639999999999999                            NaN
   3.8660000000000001                            NaN
   3.8679999999999999                            NaN
   3.8700000000000001                            NaN
   3.8719999999999999                            NaN
   3.8740000000000001                            NaN
   3.8759999999999999                            NaN
   3.8780000000000001                            NaN
   3.8799999999999999                            NaN
   3.8820000000000001                            NaN
   3.8839999999999999                            NaN
   3.8860000000000001                            NaN
   3.8879999999999999                            NaN
   3.8900000000000001                            NaN
   3.8919999999999999                            NaN
   3.8940000000000001                            NaN
   3.8959999999999999                            NaN
   3.8980000000000001                            NaN
   3.8999999999999999                            NaN
   3.9020000000000001                            NaN
   3.9039999999999999                            NaN
   3.9060000000000001                            NaN
   3.9079999999999999                            NaN
   3.9100000000000001                            NaN
   3.9119999999999999                            NaN
   3.9140000000000001                            NaN
   3.9159999999999999                            NaN
   3.9180000000000001                            NaN
   3.9199999999999999                            NaN
   3.9220000000000002                            NaN
   3.9239999999999999       0.45488179955464575     
   3.9260000000000002                            NaN
   3.9279999999999999        4.0048110392955847     
   3.9300000000000002        4.0014229276657174     
   3.9319999999999999        3.9980389528636882     
   3.9340000000000002        3.9946591086204273     
   3.9359999999999999        3.9912833886769676     
   3.9380000000000002        3.9879117867841072     
   3.9399999999999999        3.9845442967033899     
   3.9420000000000002        3.9811809122058595     
   3.9440000000000000        3.9778216270736326     
   3.9460000000000002        3.9744664350976153     
   3.9480000000000000        3.9711153300796731     
   3.9500000000000002        3.9677683058315201     
   3.9520000000000000        3.9644253561749414     
   3.9540000000000002        3.9610864749417596     
   3.9560000000000000        3.9577516559738406     
   3.9580000000000002        3.9544208931230718     
   3.9600000000000000        3.9510941802513599     
   3.9620000000000002        3.9477715112306062     
   3.9640000000000000        3.9444528799427063     
   3.9660000000000002        3.9411382802795307     
   3.9680000000000000        3.9378277061429170     
   3.9700000000000002        3.9345211514446539     
   3.9720000000000000        3.9312186101064759     
   3.9740000000000002        3.9279200760600395     
   3.9760000000000000        3.9246255432469259     
   3.9780000000000002        3.9213350056186163     
   3.9800000000000000        3.9180484571364884     
   3.9820000000000002        3.9147658917717951     
   3.9840000000000000        3.9114873035056621     
   3.9860000000000002        3.9082126863290712     
   3.9880000000000000        3.9049420342428429     
   3.9900000000000002        3.9016753412576368     
   3.9920000000000000        3.8984126013939222     
   3.9940000000000002        3.8951538086819850     
   3.9960000000000000        3.8918989571620757     
   3.9980000000000002        3.8886480408836519     
   4.0000000000000000        3.8854010539065711     
   4.0019999999999998        3.8821579903002141     
   4.0040000000000004        3.8789188441437026     
   4.0060000000000002        3.8756836095258982     
   4.0080000000000000        3.8724522805453767     
   4.0099999999999998        3.8692248513104235     
   4.0120000000000005        3.8660013159390125     
   4.0140000000000002        3.8627816685588074     
   4.0160000000000000        3.8595659033071366     
   4.0179999999999998        3.8563540143309814     
   4.0200000000000005        3.8531459957869725     
   4.0220000000000002        3.8499418418413716     
   4.0240000000000000        3.8467415466700521     
   4.0259999999999998        3.8435451044584958     
   4.0280000000000005        3.8403525094017761     
   4.0300000000000002        3.8371637557045544     
   4.0320000000000000        3.8339788375810460     
   4.0339999999999998        3.8307977492550300     
   4.0359999999999996        3.8276204849598199     
   4.0380000000000003        3.8244470389382612     
   4.0400000000000000        3.8212774054427201     
   4.0419999999999998        3.8181115787350537     
   4.0439999999999996        3.8149495530866186     
   4.0460000000000003        3.8117913227782445     
   4.0480000000000000        3.8086368821002243     
   4.0499999999999998        3.8054862253523036     
   4.0519999999999996        3.8023393468436679     
   4.0540000000000003        3.7991962408929214     
   4.0560000000000000        3.7960569018280870     
   4.0579999999999998        3.7929213239865831     
   4.0599999999999996        3.7897895017152150     
   4.0620000000000003        3.7866614293701595     
   4.0640000000000001        3.7835371013169574     
   4.0659999999999998        3.7804165119304929     
   4.0679999999999996        3.7772996555949865     
   4.0700000000000003        3.7741865267039740     
   4.0720000000000001        3.7710771196603066     
   4.0739999999999998        3.7679714288761268     
   4.0759999999999996        3.7648694487728571     
   4.0780000000000003        3.7617711737811868     
   4.0800000000000001        3.7586765983410668     
   4.0819999999999999        3.7555857169016869     
   4.0839999999999996        3.7524985239214628     
   4.0860000000000003        3.7494150138680289     
   4.0880000000000001        3.7463351812182246     
   4.0899999999999999        3.7432590204580727     
   4.0919999999999996        3.7401865260827782     
   4.0940000000000003        3.7371176925967045     
   4.0960000000000001        3.7340525145133685     
   4.0979999999999999        3.7309909863554225     
   4.0999999999999996        3.7279331026546396     
   4.1020000000000003        3.7248788579519081     
   4.1040000000000001        3.7218282467972084     
   4.1059999999999999        3.7187812637496096     
   4.1079999999999997        3.7157379033772471     
   4.1100000000000003        3.7126981602573133     
   4.1120000000000001        3.7096620289760494     
   4.1139999999999999        3.7066295041287245     
   4.1159999999999997        3.7036005803196224     
   4.1180000000000003        3.7005752521620350     
   4.1200000000000001        3.6975535142782432     
   4.1219999999999999        3.6945353612995069     
   4.1239999999999997        3.6915207878660503     
   4.1260000000000003        3.6885097886270461     
   4.1280000000000001        3.6855023582406088     
   4.1299999999999999        3.6824984913737744     
   4.1319999999999997        3.6794981827024897     
   4.1340000000000003        3.6765014269116030     
   4.1360000000000001        3.6735082186948422     
   4.1379999999999999        3.6705185527548134     
   4.1399999999999997        3.6675324238029714     
   4.1420000000000003        3.6645498265596235     
   4.1440000000000001        3.6615707557539041     
   4.1459999999999999        3.6585952061237701     
   4.1479999999999997        3.6556231724158756     
   4.1500000000000004        3.6526546493859890     
   4.1520000000000001        3.6496896317983207     
   4.1539999999999999        3.6467281144259629     
   4.1559999999999997        3.6437700920507594     
   4.1580000000000004        3.6408155594632925     
   4.1600000000000001        3.6378645114628707     
   4.1619999999999999        3.6349169428575143     
   4.1639999999999997        3.6319728484639358     
   4.1660000000000004        3.6290322231075378     
   4.1680000000000001        3.6260950616223977     
   4.1699999999999999        3.6231613588512421     
   4.1719999999999997        3.6202311096454487     
   4.1740000000000004        3.6173043088650250     
   4.1760000000000002        3.6143809513785974     
   4.1779999999999999        3.6114610320633957     
   4.1799999999999997        3.6085445458052439     
   4.1820000000000004        3.6056314874985391     
   4.1840000000000002        3.6027218520462494     
   4.1859999999999999        3.5998156343598930     
   4.1879999999999997        3.5969128293595229     
   4.1900000000000004        3.5940134319737194     
   4.1920000000000002        3.5911174371395784     
   4.1940000000000000        3.5882248398026890     
   4.1959999999999997        3.5853356349171253     
   4.1980000000000004        3.5824498174454358     
   4.2000000000000002        3.5795673823586291     
   4.2020000000000000        3.5766883246361538     
   4.2039999999999997        3.5738126392658960     
   4.2060000000000004        3.5709403212441568     
   4.2080000000000002        3.5680713655756451     
   4.2100000000000000        3.5652057672734609     
   4.2119999999999997        3.5623435213590842     
   4.2140000000000004        3.5594846228623553     
   4.2160000000000002        3.5566290668214764     
   4.2180000000000000        3.5537768482829830     
   4.2199999999999998        3.5509279623017358     
   4.2220000000000004        3.5480824039409100     
   4.2240000000000002        3.5452401682719814     
   4.2260000000000000        3.5424012503747098     
   4.2279999999999998        3.5395656453371287     
   4.2300000000000004        3.5367333482555323     
   4.2320000000000002        3.5339043542344610     
   4.2340000000000000        3.5310786583866869     
   4.2359999999999998        3.5282562558332056     
   4.2380000000000004        3.5254371417032155     
   4.2400000000000002        3.5226213111341140     
   4.2420000000000000        3.5198087592714744     
   4.2439999999999998        3.5169994812690404     
   4.2460000000000004        3.5141934722887060     
   4.2480000000000002        3.5113907275005127     
   4.2500000000000000        3.5085912420826264     
   4.2519999999999998        3.5057950112213265     
   4.2540000000000004        3.5030020301109941     
   4.2560000000000002        3.5002122939541036     
   4.2580000000000000        3.4974257979612009     
   4.2599999999999998        3.4946425373508938     
   4.2620000000000005        3.4918625073498402     
   4.2640000000000002        3.4890857031927371     
   4.2660000000000000        3.4863121201222995     
   4.2679999999999998        3.4835417533892561     
   4.2700000000000005        3.4807745982523297     
   4.2720000000000002        3.4780106499782306     
   4.2740000000000000        3.4752499038416365     
   4.2759999999999998        3.4724923551251856     
   4.2780000000000005        3.4697379991194555     
   4.2800000000000002        3.4669868311229641     
   4.2820000000000000        3.4642388464421403     
   4.2839999999999998        3.4614940403913219     
   4.2860000000000005        3.4587524082927383     
   4.2880000000000003        3.4560139454765015     
   4.2900000000000000        3.4532786472805865     
   4.2919999999999998        3.4505465090508238     
   4.2939999999999996        3.4478175261408843     
   4.2960000000000003        3.4450916939122638     
   4.2980000000000000        3.4423690077342810     
   4.2999999999999998        3.4396494629840464     
   4.3019999999999996        3.4369330550464690     
   4.3040000000000003        3.4342197793142244     
   4.3060000000000000        3.4315096311877595     
   4.3079999999999998        3.4288026060752674     
   4.3099999999999996        3.4260986993926803     
   4.3120000000000003        3.4233979065641020     
   4.3140000000000001        3.4207002230198942     
   4.3159999999999998        3.4180056441997020     
   4.3179999999999996        3.4153141655502757     
   4.3200000000000003        3.4126257825260349     
   4.3220000000000001        3.4099404905890660     
   4.3239999999999998        3.4072582852090978     
   4.3259999999999996        3.4045791618634977     
   4.3280000000000003        3.4019031160372539     
   4.3300000000000001        3.3992301432229644     
   4.3319999999999999        3.3965602389208236     
   4.3339999999999996        3.3938933986386117     
   4.3360000000000003        3.3912296178916761     
   4.3380000000000001        3.3885688922029251     
   4.3399999999999999        3.3859112171028145     
   4.3419999999999996        3.3832565881293308     
   4.3440000000000003        3.3806050008279782     
   4.3460000000000001        3.3779564507517734     
   4.3479999999999999        3.3753109334612255     
   4.3499999999999996        3.3726684445243262     
   4.3520000000000003        3.3700289795165346     
   4.3540000000000001        3.3673925340207718     
   4.3559999999999999        3.3647591036273981     
   4.3579999999999997        3.3621286839342077     
   4.3600000000000003        3.3595012705464145     
   4.3620000000000001        3.3568768590766367     
   4.3639999999999999        3.3542554451448905     
   4.3659999999999997        3.3516370243785687     
   4.3680000000000003        3.3490215924124334     
   4.3700000000000001        3.3464091448886104     
   4.3719999999999999        3.3437996774565573     
   4.3739999999999997        3.3411931857730748     
   4.3760000000000003        3.3385896655022722     
   4.3780000000000001        3.3359891123155729     
   4.3799999999999999        3.3333915218916910     
   4.3819999999999997        3.3307968899166216     
   4.3840000000000003        3.3282052120836298     
   4.3860000000000001        3.3256164840932358     
   4.3879999999999999        3.3230307016532095     
   4.3899999999999997        3.3204478604785415     
   4.3920000000000003        3.3178679562914524     
   4.3940000000000001        3.3152909848213672     
   4.3959999999999999        3.3127169418049021     
   4.3979999999999997        3.3101458229858585     
   4.4000000000000004        3.3075776241152064     
   4.4020000000000001        3.3050123409510768     
   4.4039999999999999        3.3024499692587432     
   4.4059999999999997        3.2998905048106097     
   4.4080000000000004        3.2973339433862074     
   4.4100000000000001        3.2947802807721716     
   4.4119999999999999        3.2922295127622370     
   4.4139999999999997        3.2896816351572205     
   4.4160000000000004        3.2871366437650087     
   4.4180000000000001        3.2845945344005534     
   4.4199999999999999        3.2820553028858490     
   4.4219999999999997        3.2795189450499302     
   4.4240000000000004        3.2769854567288488     
   4.4260000000000002        3.2744548337656725     
   4.4279999999999999        3.2719270720104676     
   4.4299999999999997        3.2694021673202860     
   4.4320000000000004        3.2668801155591520     
   4.4340000000000002        3.2643609125980579     
   4.4359999999999999        3.2618445543149432     
   4.4379999999999997        3.2593310365946864     
   4.4400000000000004        3.2568203553290922     
   4.4420000000000002        3.2543125064168836     
   4.4440000000000000        3.2518074857636794     
   4.4459999999999997        3.2493052892819940     
   4.4480000000000004        3.2468059128912179     
   4.4500000000000002        3.2443093525176101     
   4.4520000000000000        3.2418156040942843     
   4.4539999999999997        3.2393246635611925     
   4.4560000000000004        3.2368365268651238     
   4.4580000000000002        3.2343511899596833     
   4.4600000000000000        3.2318686488052810     
   4.4619999999999997        3.2293888993691255     
   4.4640000000000004        3.2269119376252071     
   4.4660000000000002        3.2244377595542884     
   4.4680000000000000        3.2219663611438891     
   4.4699999999999998        3.2194977383882808     
   4.4720000000000004        3.2170318872884662     
   4.4740000000000002        3.2145688038521758     
   4.4760000000000000        3.2121084840938523     
   4.4779999999999998        3.2096509240346385     
   4.4800000000000004        3.2071961197023646     
   4.4820000000000002        3.2047440671315410     
   4.4840000000000000        3.2022947623633411     
   4.4859999999999998        3.1998482014455947     
   4.4880000000000004        3.1974043804327699     
   4.4900000000000002        3.1949632953859712     
   4.4920000000000000        3.1925249423729158     
   4.4939999999999998        3.1900893174679315     
   4.4960000000000004        3.1876564167519410     
   4.4980000000000002        3.1852262363124528     
   4.5000000000000000        3.1827987722435469     
