   2.5000000000000000       0.96104328930377969     
   2.5019999999999998       0.95982377827167520     
   2.5040000000000000       0.95860656201839456     
   2.5059999999999998       0.95739165544509897     
   2.5080000000000000       0.95617902874946603     
   2.5099999999999998       0.95496869683265695     
   2.5120000000000000       0.95376062989234933     
   2.5139999999999998       0.95255484282970437     
   2.5160000000000000       0.95135133564472207     
   2.5179999999999998       0.95015007853508004     
   2.5200000000000000       0.94895108640193948     
   2.5219999999999998       0.94775434434413919     
   2.5240000000000000       0.94655985236167917     
   2.5259999999999998       0.94536759555339822     
   2.5280000000000000       0.94417757391929635     
   2.5299999999999998       0.94298978745937356     
   2.5320000000000000       0.94180422127246866     
   2.5339999999999998       0.94062087535858163     
   2.5360000000000000       0.93943973481655130     
   2.5379999999999998       0.93826081454753885     
   2.5400000000000000       0.93708408474922189     
   2.5419999999999998       0.93590956032276162     
   2.5440000000000000       0.93473722636699685     
   2.5459999999999998       0.93356706798076639     
   2.5480000000000000       0.93239910006523141     
   2.5499999999999998       0.93123330771923074     
   2.5520000000000000       0.93006967604160318     
   2.5539999999999998       0.92890821993350992     
   2.5560000000000000       0.92774892449378976     
   2.5579999999999998       0.92659177482128152     
   2.5600000000000001       0.92543677091598520     
   2.5619999999999998       0.92428392767906198     
   2.5640000000000001       0.92313320040702829     
   2.5659999999999998       0.92198461890220651     
   2.5680000000000001       0.92083816826343545     
   2.5699999999999998       0.91969383358955392     
   2.5720000000000001       0.91855161488056192     
   2.5739999999999998       0.91741151213645944     
   2.5760000000000001       0.91627352535724649     
   2.5779999999999998       0.91513762474060067     
   2.5800000000000001       0.91400382518768319     
   2.5819999999999999       0.91287212669849405     
   2.5840000000000001       0.91174249947071084     
   2.5859999999999999       0.91061495840549478     
   2.5880000000000001       0.90948950350284585     
   2.5899999999999999       0.90836610496044168     
   2.5920000000000001       0.90724477767944345     
   2.5939999999999999       0.90612552165985116     
   2.5960000000000001       0.90500830709934244     
   2.5979999999999999       0.90389316380023965     
   2.6000000000000001       0.90278004705905923     
   2.6019999999999999       0.90166898667812356     
   2.6040000000000001       0.90055995285511026     
   2.6059999999999999       0.89945294559001931     
   2.6080000000000001       0.89834797978401193     
   2.6099999999999999       0.89724502563476571     
   2.6120000000000001       0.89614408314228067     
   2.6139999999999999       0.89504516720771798     
   2.6160000000000001       0.89394824802875528     
   2.6179999999999999       0.89285332560539254     
   2.6200000000000001       0.89176041483879098     
   2.6219999999999999       0.89066948592662820     
   2.6240000000000001       0.88958055377006540     
   2.6259999999999999       0.88849360346794137     
   2.6280000000000001       0.88740862011909494     
   2.6299999999999999       0.88632561862468728     
   2.6320000000000001       0.88524458408355722     
   2.6339999999999999       0.88416551649570474     
   2.6360000000000001       0.88308841586112985     
   2.6379999999999999       0.88201325237751016     
   2.6400000000000001       0.88094005584716806     
   2.6419999999999999       0.87986879646778116     
   2.6440000000000001       0.87879947423934945     
   2.6459999999999999       0.87773208916187295     
   2.6480000000000001       0.87666664123535165     
   2.6499999999999999       0.87560310065746316     
   2.6520000000000001       0.87454149723052987     
   2.6539999999999999       0.87348181605339059     
   2.6560000000000001       0.87242404222488412     
   2.6579999999999999       0.87136817574501046     
   2.6600000000000001       0.87031421661376962     
   2.6619999999999999       0.86926214993000039     
   2.6640000000000001       0.86821199059486398     
   2.6659999999999999       0.86716370880603799     
   2.6680000000000001       0.86611731946468362     
   2.6699999999999999       0.86507280766963968     
   2.6720000000000002       0.86403017342090616     
   2.6739999999999999       0.86298941671848306     
   2.6760000000000002       0.86195052266120920     
   2.6779999999999999       0.86091349124908456     
   2.6800000000000002       0.85987832248210916     
   2.6819999999999999       0.85884500145912179     
   2.6840000000000002       0.85781352818012246     
   2.6859999999999999       0.85678391754627237     
   2.6880000000000002       0.85575613975524911     
   2.6899999999999999       0.85473019480705270     
   2.6920000000000002       0.85370608270168313     
   2.6940000000000000       0.85268380343914041     
   2.6960000000000002       0.85166334211826333     
   2.6980000000000000       0.85064471364021310     
   2.7000000000000002       0.84962788820266733     
   2.7020000000000000       0.84861288070678720     
   2.7040000000000002       0.84759967625141153     
   2.7060000000000000       0.84658827483654031     
   2.7080000000000002       0.84557867646217355     
   2.7100000000000000       0.84457086622715005     
   2.7120000000000002       0.84356484413146982     
   2.7140000000000000       0.84256061017513284     
   2.7160000000000002       0.84155816435813913     
   2.7180000000000000       0.84055749177932748     
   2.7200000000000002       0.83955859243869790     
   2.7220000000000000       0.83856146633625039     
   2.7240000000000002       0.83756609857082376     
   2.7260000000000000       0.83657248914241800     
   2.7280000000000002       0.83558063805103311     
   2.7300000000000000       0.83459054529666910     
   2.7320000000000002       0.83360219597816476     
   2.7340000000000000       0.83261560499668130     
   2.7360000000000002       0.83163074254989633     
   2.7380000000000000       0.83064760863780984     
   2.7400000000000002       0.82966621816158304     
   2.7420000000000000       0.82868655622005472     
   2.7440000000000002       0.82770860791206369     
   2.7460000000000000       0.82673238813877115     
   2.7480000000000002       0.82575788199901590     
   2.7500000000000000       0.82478508949279794     
   2.7520000000000002       0.82381401062011728     
   2.7540000000000000       0.82284463047981271     
   2.7560000000000002       0.82187694907188424     
   2.7580000000000000       0.82091096639633188     
   2.7599999999999998       0.81994668245315561     
   2.7620000000000000       0.81898408234119424     
   2.7639999999999998       0.81802316606044778     
   2.7660000000000000       0.81706391870975503     
   2.7679999999999998       0.81610637009143838     
   2.7700000000000000       0.81515047550201425     
   2.7719999999999998       0.81419626474380502     
   2.7740000000000000       0.81324370801448831     
   2.7759999999999998       0.81229282021522531     
   2.7780000000000000       0.81134358644485483     
   2.7799999999999998       0.81039600670337686     
   2.7820000000000000       0.80945008099079141     
   2.7839999999999998       0.80850579440593728     
   2.7860000000000000       0.80756314694881448     
   2.7879999999999998       0.80662215352058420     
   2.7900000000000000       0.80568278431892404     
   2.7919999999999998       0.80474503934383401     
   2.7940000000000000       0.80380893349647531     
   2.7959999999999998       0.80287445187568673     
   2.7980000000000000       0.80194157958030710     
   2.7999999999999998       0.80101033151149759     
   2.8020000000000000       0.80008069276809701     
   2.8039999999999998       0.79915266335010537     
   2.8060000000000000       0.79822624325752267     
   2.8079999999999998       0.79730141758918771     
   2.8100000000000001       0.79637818634510049     
   2.8119999999999998       0.79545656442642221     
   2.8140000000000001       0.79453652203083047     
   2.8159999999999998       0.79361805915832528     
   2.8180000000000001       0.79270119071006784     
   2.8199999999999998       0.79178590178489694     
   2.8220000000000001       0.79087219238281259     
   2.8239999999999998       0.78996004760265359     
   2.8260000000000001       0.78904946744441995     
   2.8279999999999998       0.78814046680927285     
   2.8300000000000001       0.78723301589488992     
   2.8319999999999999       0.78632712960243234     
   2.8340000000000001       0.78542279303073892     
   2.8359999999999999       0.78452000617980966     
   2.8380000000000001       0.78361876904964456     
   2.8399999999999999       0.78271908164024362     
   2.8420000000000001       0.78182092905044565     
   2.8439999999999999       0.78092431128025064     
   2.8460000000000001       0.78002922832965860     
   2.8479999999999999       0.77913568019866952     
   2.8500000000000001       0.77824365198612222     
   2.8519999999999999       0.77735314369201669     
   2.8540000000000001       0.77646417021751413     
   2.8559999999999999       0.77557670176029214     
   2.8580000000000001       0.77469075322151193     
   2.8599999999999999       0.77380630970001230     
   2.8620000000000001       0.77292337119579324     
   2.8639999999999999       0.77204193770885476     
   2.8660000000000001       0.77116199433803567     
   2.8679999999999999       0.77028355598449716     
   2.8700000000000001       0.76940660774707803     
   2.8719999999999999       0.76853114962577829     
   2.8740000000000001       0.76765718162059793     
   2.8759999999999999       0.76678468883037576     
   2.8780000000000001       0.76591367125511178     
   2.8799999999999999       0.76504414379596719     
   2.8820000000000001       0.76417607665061960     
   2.8839999999999999       0.76330948472023019     
   2.8860000000000001       0.76244435310363778     
   2.8879999999999999       0.76158069670200357     
   2.8900000000000001       0.76071848571300515     
   2.8919999999999999       0.75985773503780374     
   2.8940000000000001       0.75899844467639932     
   2.8959999999999999       0.75814059972763070     
   2.8980000000000001       0.75728420019149789     
   2.8999999999999999       0.75642923116683969     
   2.9020000000000001       0.75557572245597848     
   2.9039999999999999       0.75472362935543069     
   2.9060000000000001       0.75387298166751870     
   2.9079999999999999       0.75302376449108133     
   2.9100000000000001       0.75217597782611856     
   2.9119999999999999       0.75132962167263040     
   2.9140000000000001       0.75048466622829446     
   2.9159999999999999       0.74964114129543313     
   2.9180000000000001       0.74879903197288522     
   2.9199999999999999       0.74795832335948953     
   2.9220000000000002       0.74711903035640725     
   2.9239999999999999       0.74628113806247720     
   2.9260000000000002       0.74544466137886056     
   2.9279999999999999       0.74460957050323495     
   2.9300000000000002       0.74377588033676156     
   2.9319999999999999       0.74294357597827920     
   2.9340000000000002       0.74211265742778787     
   2.9359999999999999       0.74128313958644876     
   2.9380000000000002       0.74045499265193948     
   2.9399999999999999       0.73962823152542123     
   2.9420000000000002       0.73880285620689401     
   2.9440000000000000       0.73797885179519662     
   2.9460000000000002       0.73715620338916787     
   2.9480000000000000       0.73633494079113015     
   2.9500000000000002       0.73551503419876108     
   2.9520000000000000       0.73469649851322183     
   2.9540000000000002       0.73387931883335122     
   2.9560000000000000       0.73306348025798806     
   2.9580000000000002       0.73224901258945474     
   2.9600000000000000       0.73143588602542886     
   2.9620000000000002       0.73062411546707162     
   2.9640000000000000       0.72981368601322183     
   2.9660000000000002       0.72900459766387948     
   2.9680000000000000       0.72819685041904458     
   2.9700000000000002       0.72739042937755594     
   2.9720000000000000       0.72658534944057473     
   2.9740000000000002       0.72578159570693979     
   2.9760000000000000       0.72497916817665109     
   2.9780000000000002       0.72417806684970865     
   2.9800000000000000       0.72337827682495126     
   2.9820000000000002       0.72257981300354013     
   2.9840000000000000       0.72178267538547525     
   2.9860000000000002       0.72098683416843423     
   2.9880000000000000       0.72019230425357827     
   2.9900000000000002       0.71939908564090738     
   2.9920000000000000       0.71860717833042154     
   2.9940000000000002       0.71781655251979837     
   2.9960000000000000       0.71702723801136026     
   2.9980000000000002       0.71623921990394601     
   3.0000000000000000       0.71545248329639444     
   3.0020000000000002       0.71466705799102792     
   3.0040000000000000       0.71388289928436288     
   3.0060000000000002       0.71310003697872171     
   3.0080000000000000       0.71231844127178201     
   3.0100000000000002       0.71153812706470498     
   3.0120000000000000       0.71075909435749063     
   3.0139999999999998       0.70998134315013894     
   3.0160000000000000       0.70920485854148874     
   3.0179999999999998       0.70842962563037881     
   3.0200000000000000       0.70765567421913156     
   3.0219999999999998       0.70688297450542459     
   3.0240000000000000       0.70611154139041910     
   3.0259999999999998       0.70534135997295389     
   3.0280000000000000       0.70457243025302896     
   3.0299999999999998       0.70380476713180551     
   3.0320000000000000       0.70303834080696115     
   3.0339999999999998       0.70227315127849588     
   3.0360000000000000       0.70150921344757089     
   3.0379999999999998       0.70074651241302499     
   3.0400000000000000       0.69998506307601938     
   3.0419999999999998       0.69922483563423166     
   3.0440000000000000       0.69846584498882303     
   3.0459999999999998       0.69770807623863229     
   3.0480000000000000       0.69695154428482065     
   3.0499999999999998       0.69619623422622690     
   3.0520000000000000       0.69544214606285104     
   3.0539999999999998       0.69468927979469308     
   3.0560000000000000       0.69393762052059182     
   3.0579999999999998       0.69318718314170846     
   3.0600000000000001       0.69243796765804300     
   3.0619999999999998       0.69168994426727304     
   3.0640000000000001       0.69094312787055978     
   3.0659999999999998       0.69019751846790323     
   3.0680000000000001       0.68945311605930337     
   3.0699999999999998       0.68870990574359903     
   3.0720000000000001       0.68796788752079019     
   3.0739999999999998       0.68722707629203805     
   3.0760000000000001       0.68648744225502023     
   3.0779999999999998       0.68574900031089792     
   3.0800000000000001       0.68501175045967111     
   3.0819999999999999       0.68427567780017862     
   3.0840000000000001       0.68354079723358163     
   3.0859999999999999       0.68280707895755777     
   3.0880000000000001       0.68207453787326822     
   3.0899999999999999       0.68134317398071298     
   3.0920000000000001       0.68061298727989206     
   3.0939999999999999       0.67988396286964425     
   3.0960000000000001       0.67915610074996957     
   3.0979999999999999       0.67842941582202920     
   3.1000000000000001       0.67770387828350076     
   3.1019999999999999       0.67697950303554544     
   3.1040000000000001       0.67625629007816324     
   3.1059999999999999       0.67553422451019296     
   3.1080000000000001       0.67481330633163461     
   3.1099999999999999       0.67409353554248819     
   3.1120000000000001       0.67337491214275369     
   3.1139999999999999       0.67265743613243112     
   3.1160000000000001       0.67194110751152047     
   3.1179999999999999       0.67122591137886056     
   3.1200000000000001       0.67051184773445138     
   3.1219999999999999       0.66979893147945413     
   3.1240000000000001       0.66908713281154641     
   3.1259999999999999       0.66837646663188943     
   3.1280000000000001       0.66766693294048318     
   3.1299999999999999       0.66695853173732766     
   3.1320000000000001       0.66625123322010049     
   3.1339999999999999       0.66554506719112405     
   3.1360000000000001       0.66484001874923715     
   3.1379999999999999       0.66413607299327859     
   3.1400000000000001       0.66343325972557077     
   3.1419999999999999       0.66273154914379129     
   3.1440000000000001       0.66203094124794015     
   3.1459999999999999       0.66133143603801736     
   3.1480000000000001       0.66063304841518411     
   3.1499999999999999       0.65993574857711801     
   3.1520000000000001       0.65923955142498025     
   3.1539999999999999       0.65854445695877084     
   3.1560000000000001       0.65785045027732858     
   3.1579999999999999       0.65715754628181466     
   3.1600000000000001       0.65646571516990671     
   3.1619999999999999       0.65577498674392709     
   3.1640000000000001       0.65508533120155343     
   3.1659999999999999       0.65439677834510812     
   3.1680000000000001       0.65370928347110757     
   3.1699999999999999       0.65302287638187417     
   3.1720000000000002       0.65233755707740793     
   3.1739999999999999       0.65165329575538644     
   3.1760000000000002       0.65097010731697091     
   3.1779999999999999       0.65028799176216134     
   3.1800000000000002       0.64960694909095773     
   3.1819999999999999       0.64892696440219888     
   3.1840000000000002       0.64824805259704599     
   3.1859999999999999       0.64757019877433786     
   3.1880000000000002       0.64689338803291330     
   3.1899999999999999       0.64621765017509469     
   3.1920000000000002       0.64554295539855966     
   3.1940000000000000       0.64486931860446939     
   3.1960000000000002       0.64419673979282388     
   3.1980000000000000       0.64352520406246194     
   3.2000000000000002       0.64285471141338357     
   3.2020000000000000       0.64218526184558877     
   3.2040000000000002       0.64151684045791635     
   3.2060000000000000       0.64084947705268869     
   3.2080000000000002       0.64018314182758340     
   3.2100000000000000       0.63951784968376169     
   3.2120000000000002       0.63885358572006234     
   3.2140000000000000       0.63819034993648538     
   3.2160000000000002       0.63752814233303079     
   3.2180000000000000       0.63686696290969858     
   3.2200000000000002       0.63620679676532754     
   3.2220000000000000       0.63554767370224008     
   3.2240000000000002       0.63488954901695260     
   3.2260000000000000       0.63423245251178750     
   3.2280000000000002       0.63357638418674478     
   3.2300000000000000       0.63292131423950204     
   3.2320000000000002       0.63226725757122049     
   3.2340000000000000       0.63161421418190011     
   3.2360000000000002       0.63096216917037973     
   3.2380000000000000       0.63031113743782052     
   3.2400000000000002       0.62966110408306131     
   3.2420000000000000       0.62901208400726327     
   3.2440000000000002       0.62836404740810403     
   3.2460000000000000       0.62771702408790597     
   3.2480000000000002       0.62707098424434671     
   3.2500000000000000       0.62642594277858743     
   3.2520000000000002       0.62578188478946695     
   3.2540000000000000       0.62513882517814645     
   3.2560000000000002       0.62449674904346475     
   3.2580000000000000       0.62385565638542184     
   3.2600000000000002       0.62321556210517892     
   3.2620000000000000       0.62257643640041360     
   3.2640000000000002       0.62193827927112588     
   3.2660000000000000       0.62130110561847696     
   3.2679999999999998       0.62066491544246682     
   3.2700000000000000       0.62002969384193429     
   3.2719999999999998       0.61939544081687936     
   3.2740000000000000       0.61876217126846322     
   3.2759999999999998       0.61812985539436349     
   3.2780000000000000       0.61749850809574136     
   3.2799999999999998       0.61686811447143564     
   3.2820000000000000       0.61623868942260751     
   3.2839999999999998       0.61561023294925699     
   3.2860000000000000       0.61498271524906167     
   3.2879999999999998       0.61435616612434396     
   3.2900000000000000       0.61373057067394265     
   3.2919999999999998       0.61310592889785775     
   3.2940000000000000       0.61248222589492807     
   3.2959999999999998       0.61185947656631479     
   3.2980000000000000       0.61123768091201791     
   3.2999999999999998       0.61061682403087625     
   3.3020000000000000       0.60999690592288980     
   3.3039999999999998       0.60937792658805856     
   3.3060000000000000       0.60875988602638254     
   3.3079999999999998       0.60814278423786172     
   3.3100000000000001       0.60752662122249612     
   3.3119999999999998       0.60691138207912454     
   3.3140000000000001       0.60629708170890817     
   3.3159999999999998       0.60568370521068582     
   3.3180000000000001       0.60507126748561868     
   3.3199999999999998       0.60445973873138437     
   3.3220000000000001       0.60384914875030526     
   3.3239999999999998       0.60323946774005899     
   3.3260000000000001       0.60263071060180673     
   3.3279999999999998       0.60202286243438730     
   3.3300000000000001       0.60141595304012307     
   3.3319999999999999       0.60080993771553048     
   3.3340000000000001       0.60020484626293191     
   3.3359999999999999       0.59960064888000486     
   3.3380000000000001       0.59899737536907194     
   3.3399999999999999       0.59839501082897184     
   3.3420000000000001       0.59779354035854337     
   3.3439999999999999       0.59719297885894773     
   3.3460000000000001       0.59659331142902372     
   3.3479999999999999       0.59599455296993253     
   3.3500000000000001       0.59539668858051298     
   3.3519999999999999       0.59479973316192625     
   3.3540000000000001       0.59420365691184995     
   3.3559999999999999       0.59360847473144529     
   3.3580000000000001       0.59301418662071226     
   3.3599999999999999       0.59242079257965086     
   3.3620000000000001       0.59182827770709989     
   3.3639999999999999       0.59123664200305937     
   3.3660000000000001       0.59064590036869047     
   3.3679999999999999       0.59005603790283201     
   3.3700000000000001       0.58946705460548399     
   3.3719999999999999       0.58887896537780759     
   3.3740000000000001       0.58829172551631925     
   3.3759999999999999       0.58770537972450254     
   3.3780000000000001       0.58711989820003507     
   3.3799999999999999       0.58653529584407804     
   3.3820000000000001       0.58595155775547025     
   3.3839999999999999       0.58536869883537290     
   3.3860000000000001       0.58478668928146360     
   3.3879999999999999       0.58420555889606474     
   3.3900000000000001       0.58362527787685392     
   3.3919999999999999       0.58304586112499235     
   3.3940000000000001       0.58246730864048002     
   3.3959999999999999       0.58188962042331693     
   3.3980000000000001       0.58131278157234190     
   3.3999999999999999       0.58073679208755491     
   3.4020000000000001       0.58016166687011717     
   3.4039999999999999       0.57958739101886747     
   3.4060000000000001       0.57901394963264463     
   3.4079999999999999       0.57844137251377103     
   3.4100000000000001       0.57786962985992429     
   3.4119999999999999       0.57729873657226560     
   3.4140000000000001       0.57672869265079496     
   3.4159999999999999       0.57615948319435117     
   3.4180000000000001       0.57559112310409544     
   3.4199999999999999       0.57502358257770536     
   3.4220000000000002       0.57445689141750333     
   3.4239999999999999       0.57389103472232816     
   3.4260000000000002       0.57332599759101865     
   3.4279999999999999       0.57276180982589719     
   3.4300000000000002       0.57219844162464140     
   3.4319999999999999       0.57163590788841245     
   3.4340000000000002       0.57107419371604917     
   3.4359999999999999       0.57051331400871275     
   3.4380000000000002       0.56995325386524198     
   3.4399999999999999       0.56939401328563688     
   3.4420000000000002       0.56883559226989744     
   3.4440000000000000       0.56827799081802366     
   3.4460000000000002       0.56772119402885435     
   3.4480000000000000       0.56716523170471189     
   3.4500000000000002       0.56661007404327390     
   3.4520000000000000       0.56605573594570158     
   3.4540000000000002       0.56550220251083372     
   3.4560000000000000       0.56494947373867033     
   3.4580000000000002       0.56439754962921140     
   3.4600000000000000       0.56384644508361814     
   3.4620000000000002       0.56329613029956815     
   3.4640000000000000       0.56274663507938383     
   3.4660000000000002       0.56219792962074278     
   3.4680000000000000       0.56165002882480619     
   3.4700000000000002       0.56110291779041288     
   3.4720000000000000       0.56055661141872404     
   3.4740000000000002       0.56001109480857847     
   3.4760000000000000       0.55946638286113737     
   3.4780000000000002       0.55892244577407835     
   3.4800000000000000       0.55837931334972379     
   3.4820000000000002       0.55783697068691251     
   3.4840000000000000       0.55729540288448332     
   3.4860000000000002       0.55675462484359739     
   3.4880000000000000       0.55621463656425474     
   3.4900000000000002       0.55567542314529417     
   3.4920000000000000       0.55513699948787687     
   3.4940000000000002       0.55459935069084165     
   3.4960000000000000       0.55406249165534971     
   3.4980000000000002       0.55352639257907865     
   3.5000000000000000       0.55299108326435087     
   3.5020000000000002       0.55245653390884397     
   3.5040000000000000       0.55192275941371916     
   3.5060000000000002       0.55138975977897642     
   3.5080000000000000       0.55085753500461576     
   3.5100000000000002       0.55032607018947599     
   3.5120000000000000       0.54979538023471830     
   3.5140000000000002       0.54926545023918150     
   3.5160000000000000       0.54873628020286558     
   3.5180000000000002       0.54820787012577055     
   3.5200000000000000       0.54768023490905759     
   3.5220000000000002       0.54715334475040434     
   3.5240000000000000       0.54662721455097196     
   3.5259999999999998       0.54610184431076048     
   3.5280000000000000       0.54557723402976988     
   3.5299999999999998       0.54505336880683897     
   3.5320000000000000       0.54453026354312895     
   3.5339999999999998       0.54400790333747862     
   3.5360000000000000       0.54348628818988798     
   3.5379999999999998       0.54296541810035703     
   3.5400000000000000       0.54244530797004697     
   3.5419999999999998       0.54192592799663541     
   3.5440000000000000       0.54140730798244474     
   3.5459999999999998       0.54088941812515257     
   3.5480000000000000       0.54037227332592008     
   3.5499999999999998       0.53985585868358610     
   3.5520000000000000       0.53934018909931181     
   3.5539999999999998       0.53882526457309721     
   3.5560000000000000       0.53831105530261991     
   3.5579999999999998       0.53779759109020231     
   3.5600000000000001       0.53728487193584440     
   3.5619999999999998       0.53677286803722379     
   3.5640000000000001       0.53626159429550169     
   3.5659999999999998       0.53575105071067808     
   3.5680000000000001       0.53524122238159177     
   3.5699999999999998       0.53473213911056516     
   3.5720000000000001       0.53422377109527586     
   3.5739999999999998       0.53371611833572385     
   3.5760000000000001       0.53320919573307035     
   3.5779999999999998       0.53270298838615415     
   3.5800000000000001       0.53219751119613645     
   3.5819999999999999       0.53169273436069486     
   3.5840000000000001       0.53118868768215177     
   3.5859999999999999       0.53068534135818479     
   3.5880000000000001       0.53018272519111631     
   3.5899999999999999       0.52968080937862394     
   3.5920000000000001       0.52917960882186887     
   3.5939999999999999       0.52867910861968992     
   3.5960000000000001       0.52817932367324827     
   3.5979999999999999       0.52768023908138273     
   3.6000000000000001       0.52718186974525449     
   3.6019999999999999       0.52668418586254118     
   3.6040000000000001       0.52618721723556516     
   3.6059999999999999       0.52569094896316526     
   3.6080000000000001       0.52519538104534147     
   3.6099999999999999       0.52470051348209379     
   3.6120000000000001       0.52420634627342222     
   3.6139999999999999       0.52371286451816557     
   3.6160000000000001       0.52322008311748502     
   3.6179999999999999       0.52272800207138059     
   3.6200000000000001       0.52223659157752989     
   3.6219999999999999       0.52174589633941648     
   3.6240000000000001       0.52125587165355680     
   3.6259999999999999       0.52076654732227323     
   3.6280000000000001       0.52027790844440458     
   3.6299999999999999       0.51978995501995084     
   3.6320000000000001       0.51930267214775083     
   3.6339999999999999       0.51881608963012693     
   3.6360000000000001       0.51833017766475675     
   3.6379999999999999       0.51784495115280149     
   3.6400000000000001       0.51736041009426115     
   3.6419999999999999       0.51687653958797453     
   3.6440000000000001       0.51639333963394163     
   3.6459999999999999       0.51591082513332365     
   3.6480000000000001       0.51542898118495939     
   3.6499999999999999       0.51494780778884885     
   3.6520000000000001       0.51446731984615324     
   3.6539999999999999       0.51398748755455015     
   3.6560000000000001       0.51350832581520078     
   3.6579999999999999       0.51302983462810514     
   3.6600000000000001       0.51255201399326322     
   3.6619999999999999       0.51207484900951383     
   3.6640000000000001       0.51159835457801817     
   3.6659999999999999       0.51112253069877622     
   3.6680000000000001       0.51064734756946562     
   3.6699999999999999       0.51017284989356992     
   3.6720000000000002       0.50969899296760557     
   3.6739999999999999       0.50922580659389494     
   3.6760000000000002       0.50875326097011564     
   3.6779999999999999       0.50828138589859007     
   3.6800000000000002       0.50781016647815702     
   3.6819999999999999       0.50733958780765531     
   3.6840000000000002       0.50686966478824613     
   3.6859999999999999       0.50640039741992948     
   3.6880000000000002       0.50593178570270536     
   3.6899999999999999       0.50546381473541258     
   3.6920000000000002       0.50499648451805113     
   3.6940000000000000       0.50452980995178220     
   3.6960000000000002       0.50406377613544462     
   3.6980000000000000       0.50359839797019956     
   3.7000000000000002       0.50313364565372465     
   3.7020000000000000       0.50266954898834226     
   3.7040000000000002       0.50220607817173002     
   3.7060000000000000       0.50174324810504911     
   3.7080000000000002       0.50128105878829954     
   3.7100000000000000       0.50081951022148130     
   3.7120000000000002       0.50035860240459440     
   3.7140000000000000       0.49989832043647764     
   3.7160000000000002       0.49943866431713102     
   3.7180000000000000       0.49897964894771574     
   3.7200000000000002       0.49852127432823179     
   3.7220000000000000       0.49806351065635679     
   3.7240000000000002       0.49760638773441312     
   3.7260000000000000       0.49714989066123960     
   3.7280000000000002       0.49669401943683622     
   3.7300000000000000       0.49623877406120298     
   3.7320000000000002       0.49578415453433988     
   3.7340000000000000       0.49533014595508573     
   3.7360000000000002       0.49487676322460172     
   3.7380000000000000       0.49442400634288786     
   3.7400000000000002       0.49397187530994413     
   3.7420000000000000       0.49352035522460935     
   3.7440000000000002       0.49306944608688352     
   3.7460000000000000       0.49261916279792783     
   3.7480000000000002       0.49216949045658109     
   3.7500000000000000       0.49172042906284330     
   3.7520000000000002       0.49127199351787565     
   3.7540000000000000       0.49082415401935575     
   3.7560000000000002       0.49037692546844480     
   3.7580000000000000       0.48993032276630399     
   3.7600000000000002       0.48948431611061094     
   3.7620000000000000       0.48903892040252683     
   3.7640000000000002       0.48859412074089048     
   3.7660000000000000       0.48814993202686308     
   3.7680000000000002       0.48770635426044462     
   3.7700000000000000       0.48726337254047392     
   3.7720000000000002       0.48682100176811216     
   3.7740000000000000       0.48637921214103697     
   3.7760000000000002       0.48593803346157072     
   3.7780000000000000       0.48549746572971342     
   3.7800000000000002       0.48505747914314268     
   3.7820000000000000       0.48461808860301969     
   3.7839999999999998       0.48417930901050565     
   3.7860000000000000       0.48374111056327818     
   3.7879999999999998       0.48330350816249845     
   3.7900000000000000       0.48286648690700529     
   3.7919999999999998       0.48243007659912107     
   3.7940000000000000       0.48199424743652342     
   3.7959999999999998       0.48155899941921232     
   3.7980000000000000       0.48112434744834898     
   3.7999999999999998       0.48069029152393339     
   3.8020000000000000       0.48025680184364317     
   3.8039999999999998       0.47982390820980070     
   3.8060000000000000       0.47939159572124479     
   3.8079999999999998       0.47895986437797544     
   3.8100000000000001       0.47852871417999265     
   3.8119999999999998       0.47809814512729643     
   3.8140000000000001       0.47766815721988676     
   3.8159999999999998       0.47723875045776365     
   3.8180000000000001       0.47680992484092710     
   3.8199999999999998       0.47638166546821592     
   3.8220000000000001       0.47595398724079130     
   3.8239999999999998       0.47552687525749204     
   3.8260000000000001       0.47510034441947935     
   3.8279999999999998       0.47467439472675321     
   3.8300000000000001       0.47424899637699125     
   3.8319999999999999       0.47382417917251585     
   3.8340000000000001       0.47339992821216581     
   3.8359999999999999       0.47297624349594114     
   3.8380000000000001       0.47255313992500303     
   3.8399999999999999       0.47213058769702909     
   3.8420000000000001       0.47170860171318052     
   3.8439999999999999       0.47128718197345731     
   3.8460000000000001       0.47086632847785947     
   3.8479999999999999       0.47044604122638700     
   3.8500000000000001       0.47002630531787870     
   3.8519999999999999       0.46960713565349577     
   3.8540000000000001       0.46918851733207700     
   3.8559999999999999       0.46877046525478361     
   3.8580000000000001       0.46835296452045438     
   3.8599999999999999       0.46793603003025053     
   3.8620000000000001       0.46751963198184965     
   3.8639999999999999       0.46710380017757414     
   3.8660000000000001       0.46668853461742399     
   3.8679999999999999       0.46627380549907682     
   3.8700000000000001       0.46585962772369383     
   3.8719999999999999       0.46544600129127500     
   3.8740000000000001       0.46503292620182035     
   3.8759999999999999       0.46462040245532987     
   3.8780000000000001       0.46420841515064237     
   3.8799999999999999       0.46379699409008024     
   3.8820000000000001       0.46338609457015989     
   3.8839999999999999       0.46297576129436491     
   3.8860000000000001       0.46256596446037290     
   3.8879999999999999       0.46215670406818388     
   3.8900000000000001       0.46174798011779783     
   3.8919999999999999       0.46133980751037595     
   3.8940000000000001       0.46093217134475706     
   3.8959999999999999       0.46052508652210233     
   3.8980000000000001       0.46011852324008939     
   3.8999999999999999       0.45971249639987943     
   3.9020000000000001       0.45930702090263364     
   3.9039999999999999       0.45890206694602964     
   3.9060000000000001       0.45849764943122862     
   3.9079999999999999       0.45809376835823057     
   3.9100000000000001       0.45769042372703550     
   3.9119999999999999       0.45728760063648222     
   3.9140000000000001       0.45688531398773191     
   3.9159999999999999       0.45648354887962339     
   3.9180000000000001       0.45608232021331785     
   3.9199999999999999       0.45568161308765409     
   3.9220000000000002       0.45528144240379331     
   3.9239999999999999       0.45488179326057432     
   3.9260000000000002       0.45448266565799711     
   3.9279999999999999       0.45408405959606168     
   3.9300000000000002       0.45368598997592924     
   3.9319999999999999       0.45328842699527738     
   3.9340000000000002       0.45289140045642851     
   3.9359999999999999       0.45249488055706022     
   3.9380000000000002       0.45209888219833372     
   3.9399999999999999       0.45170340538024900     
   3.9420000000000002       0.45130845010280607     
   3.9440000000000000       0.45091400146484373     
   3.9460000000000002       0.45052007436752317     
   3.9480000000000000       0.45012665390968321     
   3.9500000000000002       0.44973375499248502     
   3.9520000000000000       0.44934137761592863     
   3.9540000000000002       0.44894950687885282     
   3.9560000000000000       0.44855814278125761     
   3.9580000000000002       0.44816728532314298     
   3.9600000000000000       0.44777694940567014     
   3.9620000000000002       0.44738712012767790     
   3.9640000000000000       0.44699778258800504     
   3.9660000000000002       0.44660896658897398     
   3.9680000000000000       0.44622065722942350     
   3.9700000000000002       0.44583285450935362     
   3.9720000000000000       0.44544554352760313     
   3.9740000000000002       0.44505873918533323     
   3.9760000000000000       0.44467244148254392     
   3.9780000000000002       0.44428665041923521     
   3.9800000000000000       0.44390135109424589     
   3.9820000000000002       0.44351655840873716     
   3.9840000000000000       0.44313227236270902     
   3.9860000000000002       0.44274846315383909     
   3.9880000000000000       0.44236517548561094     
   3.9900000000000002       0.44198236465454099     
   3.9920000000000000       0.44160006046295164     
   3.9940000000000002       0.44121824800968168     
   3.9960000000000000       0.44083692729473112     
   3.9980000000000002       0.44045609831809995     
   4.0000000000000000       0.44007576107978819     
   4.0019999999999998       0.43969591557979582     
   4.0040000000000004       0.43931656181812284     
   4.0060000000000002       0.43893769979476926     
   4.0080000000000000       0.43855932950973509     
   4.0099999999999998       0.43818145096302030     
   4.0120000000000005       0.43780404925346372     
   4.0140000000000002       0.43742713928222654     
   4.0160000000000000       0.43705070614814756     
   4.0179999999999998       0.43667476475238798     
   4.0200000000000005       0.43629930019378660     
   4.0220000000000002       0.43592432737350462     
   4.0240000000000000       0.43554983139038084     
   4.0259999999999998       0.43517582714557645     
   4.0280000000000005       0.43480229973793028     
   4.0300000000000002       0.43442924916744230     
   4.0320000000000000       0.43405667543411253     
   4.0339999999999998       0.43368457853794096     
   4.0359999999999996       0.43331295847892759     
   4.0380000000000003       0.43294181525707243     
   4.0400000000000000       0.43257114887237547     
   4.0419999999999998       0.43220095932483671     
   4.0439999999999996       0.43183124661445615     
   4.0460000000000003       0.43146201074123380     
   4.0480000000000000       0.43109323680400846     
   4.0499999999999998       0.43072493970394132     
   4.0519999999999996       0.43035710453987119     
   4.0540000000000003       0.42998974621295927     
   4.0560000000000000       0.42962286472320554     
   4.0579999999999998       0.42925644516944883     
   4.0599999999999996       0.42889048755168913     
   4.0620000000000003       0.42852500677108762     
   4.0640000000000001       0.42815998792648313     
   4.0659999999999998       0.42779543101787565     
   4.0679999999999996       0.42743133604526518     
   4.0700000000000003       0.42706771790981291     
   4.0720000000000001       0.42670454680919645     
   4.0739999999999998       0.42634185254573820     
   4.0759999999999996       0.42597960531711576     
   4.0780000000000003       0.42561783492565153     
   4.0800000000000001       0.42525651156902311     
   4.0819999999999999       0.42489565014839170     
   4.0839999999999996       0.42453525066375730     
   4.0860000000000003       0.42417529821395872     
   4.0880000000000001       0.42381580770015714     
   4.0899999999999999       0.42345677912235258     
   4.0919999999999996       0.42309819757938383     
   4.0940000000000003       0.42274007797241209     
   4.0960000000000001       0.42238240540027616     
   4.0979999999999999       0.42202519476413725     
   4.0999999999999996       0.42166843116283415     
   4.1020000000000003       0.42131211459636686     
   4.1040000000000001       0.42095625996589658     
   4.1059999999999999       0.42060083746910093     
   4.1079999999999997       0.42024587690830228     
   4.1100000000000003       0.41989136338233946     
   4.1120000000000001       0.41953729689121244     
   4.1139999999999999       0.41918367743492124     
   4.1159999999999997       0.41883050501346586     
   4.1180000000000003       0.41847776472568510     
   4.1200000000000001       0.41812548637390134     
   4.1219999999999999       0.41777364015579221     
   4.1239999999999997       0.41742224097251890     
   4.1260000000000003       0.41707128882408140     
   4.1280000000000001       0.41672076880931852     
   4.1299999999999999       0.41637069582939146     
   4.1319999999999997       0.41602106988430021     
   4.1340000000000003       0.41567187607288358     
   4.1360000000000001       0.41532311439514158     
   4.1379999999999999       0.41497479975223539     
   4.1399999999999997       0.41462691724300382     
   4.1420000000000003       0.41427948176860807     
   4.1440000000000001       0.41393246352672575     
   4.1459999999999999       0.41358589231967924     
   4.1479999999999997       0.41323975324630735     
   4.1500000000000004       0.41289404630661009     
   4.1520000000000001       0.41254877150058744     
   4.1539999999999999       0.41220394372940061     
   4.1559999999999997       0.41185953319072721     
   4.1580000000000004       0.41151555478572843     
   4.1600000000000001       0.41117200851440427     
   4.1619999999999999       0.41082887947559354     
   4.1639999999999997       0.41048619747161863     
   4.1660000000000004       0.41014393270015714     
   4.1680000000000001       0.40980208516120908     
   4.1699999999999999       0.40946068465709684     
   4.1719999999999997       0.40911970138549802     
   4.1740000000000004       0.40877913534641264     
   4.1760000000000002       0.40843900144100187     
   4.1779999999999999       0.40809929966926572     
   4.1799999999999997       0.40776000022888181     
   4.1820000000000004       0.40742113292217252     
   4.1840000000000002       0.40708269774913786     
   4.1859999999999999       0.40674466490745542     
   4.1879999999999997       0.40640706419944761     
   4.1900000000000004       0.40606988072395322     
   4.1920000000000002       0.40573311448097227     
   4.1940000000000000       0.40539676547050474     
   4.1959999999999997       0.40506083369255064     
   4.1980000000000004       0.40472531914710996     
   4.2000000000000002       0.40439022183418272     
   4.2020000000000000       0.40405554175376890     
   4.2039999999999997       0.40372127890586851     
   4.2060000000000004       0.40338741838932035     
   4.2080000000000002       0.40305397510528562     
   4.2100000000000000       0.40272094905376432     
   4.2119999999999997       0.40238834023475645     
   4.2140000000000004       0.40205613374710081     
   4.2160000000000002       0.40172432959079740     
   4.2180000000000000       0.40139294266700742     
   4.2199999999999998       0.40106197297573087     
   4.2220000000000004       0.40073140561580656     
   4.2240000000000002       0.40040124058723447     
   4.2260000000000000       0.40007149279117582     
   4.2279999999999998       0.39974214732646940     
   4.2300000000000004       0.39941320419311521     
   4.2320000000000002       0.39908466339111326     
   4.2340000000000000       0.39875653982162473     
   4.2359999999999998       0.39842881858348844     
   4.2380000000000004       0.39810148477554319     
   4.2400000000000002       0.39777456820011137     
   4.2420000000000000       0.39744803905487058     
   4.2439999999999998       0.39712192714214323     
   4.2460000000000004       0.39679620265960691     
   4.2480000000000002       0.39647089540958402     
   4.2500000000000000       0.39614597558975218     
   4.2519999999999998       0.39582145810127256     
   4.2540000000000004       0.39549732804298399     
   4.2560000000000002       0.39517360031604765     
   4.2580000000000000       0.39485027492046354     
   4.2599999999999998       0.39452733695507047     
   4.2620000000000005       0.39420480132102964     
   4.2640000000000002       0.39388266801834104     
   4.2660000000000000       0.39356090724468229     
   4.2679999999999998       0.39323956370353697     
   4.2700000000000005       0.39291859269142149     
   4.2720000000000002       0.39259802401065824     
   4.2740000000000000       0.39227784276008604     
   4.2759999999999998       0.39195806384086607     
   4.2780000000000005       0.39163865745067594     
   4.2800000000000002       0.39131965339183805     
   4.2820000000000000       0.39100103676319120     
   4.2839999999999998       0.39068280756473539     
   4.2860000000000005       0.39036495089530943     
   4.2880000000000003       0.39004749655723570     
   4.2900000000000000       0.38973042964935301     
   4.2919999999999998       0.38941375017166135     
   4.2939999999999996       0.38909744322299955     
   4.2960000000000003       0.38878153860568998     
   4.2980000000000000       0.38846600651741026     
   4.2999999999999998       0.38815086185932157     
   4.3019999999999996       0.38783608973026273     
   4.3040000000000003       0.38752170503139494     
   4.3060000000000000       0.38720770776271818     
   4.3079999999999998       0.38689408302307127     
   4.3099999999999996       0.38658084571361540     
   4.3120000000000003       0.38626798093318937     
   4.3140000000000001       0.38595550358295438     
   4.3159999999999998       0.38564339876174925     
   4.3179999999999996       0.38533168137073515     
   4.3200000000000003       0.38502032160758970     
   4.3220000000000001       0.38470934927463529     
   4.3239999999999998       0.38439876437187193     
   4.3259999999999996       0.38408853709697721     
   4.3280000000000003       0.38377869725227354     
   4.3300000000000001       0.38346922993659971     
   4.3319999999999999       0.38316012024879453     
   4.3339999999999996       0.38285139799118040     
   4.3360000000000003       0.38254304826259611     
   4.3380000000000001       0.38223507106304166     
   4.3399999999999999       0.38192745149135587     
   4.3419999999999996       0.38162021934986112     
   4.3440000000000003       0.38131334483623502     
   4.3460000000000001       0.38100684285163877     
   4.3479999999999999       0.38070071339607237     
   4.3499999999999996       0.38039495646953581     
   4.3520000000000003       0.38008955717086790     
   4.3540000000000001       0.37978453040122984     
   4.3559999999999999       0.37947987616062162     
   4.3579999999999997       0.37917557954788206     
   4.3600000000000003       0.37887164056301115     
   4.3620000000000001       0.37856807410717008     
   4.3639999999999999       0.37826488018035886     
   4.3659999999999997       0.37796204388141630     
   4.3680000000000003       0.37765956521034239     
   4.3700000000000001       0.37735744416713712     
   4.3719999999999999       0.37705569565296171     
   4.3739999999999997       0.37675430476665495     
   4.3760000000000003       0.37645328640937803     
   4.3780000000000001       0.37615261077880857     
   4.3799999999999999       0.37585230767726896     
   4.3819999999999997       0.37555234730243681     
   4.3840000000000003       0.37525275945663450     
   4.3860000000000001       0.37495352923870084     
   4.3879999999999999       0.37465464174747465     
   4.3899999999999997       0.37435612678527830     
   4.3920000000000003       0.37405795454978941     
   4.3940000000000001       0.37376015484333036     
   4.3959999999999999       0.37346269786357877     
   4.3979999999999997       0.37316559851169584     
   4.4000000000000004       0.37286884188652036     
   4.4020000000000001       0.37257245779037473     
   4.4039999999999999       0.37227641642093656     
   4.4059999999999997       0.37198073267936704     
   4.4080000000000004       0.37168539166450498     
   4.4100000000000001       0.37139040827751157     
   4.4119999999999999       0.37109576761722562     
   4.4139999999999997       0.37080148458480833     
   4.4160000000000004       0.37050754427909849     
   4.4180000000000001       0.37021396160125730     
   4.4199999999999999       0.36992072165012357     
   4.4219999999999997       0.36962782442569730     
   4.4240000000000004       0.36933528482913969     
   4.4260000000000002       0.36904308795928953     
   4.4279999999999999       0.36875123381614683     
   4.4299999999999997       0.36845973730087278     
   4.4320000000000004       0.36816856861114500     
   4.4340000000000002       0.36787775754928587     
   4.4359999999999999       0.36758728921413419     
   4.4379999999999997       0.36729714870452879     
   4.4400000000000004       0.36700736582279203     
   4.4420000000000002       0.36671792566776273     
   4.4440000000000000       0.36642882823944090     
   4.4459999999999997       0.36614005863666532     
   4.4480000000000004       0.36585164666175840     
   4.4500000000000002       0.36556356251239774     
   4.4520000000000000       0.36527582108974455     
   4.4539999999999997       0.36498842239379881     
   4.4560000000000004       0.36470135152339933     
   4.4580000000000002       0.36441462337970731     
   4.4600000000000000       0.36412823796272276     
   4.4619999999999997       0.36384219527244566     
   4.4640000000000004       0.36355648040771482     
   4.4660000000000002       0.36327109336853025     
   4.4680000000000000       0.36298604905605314     
   4.4699999999999998       0.36270134747028349     
   4.4720000000000004       0.36241697371006010     
   4.4740000000000002       0.36213292777538297     
   4.4760000000000000       0.36184922456741331     
   4.4779999999999998       0.36156584918498991     
   4.4800000000000004       0.36128281652927396     
   4.4820000000000002       0.36100009679794309     
   4.4840000000000000       0.36071771979331968     
   4.4859999999999998       0.36043567061424253     
   4.4880000000000004       0.36015394926071165     
   4.4900000000000002       0.35987257063388822     
   4.4920000000000000       0.35959150493144987     
   4.4939999999999998       0.35931078195571897     
   4.4960000000000004       0.35903037190437315     
   4.4980000000000002       0.35875030457973478     
   4.5000000000000000       0.35847055017948148     
