Constante A: 31
Raiz:
           1  0.60000002    
           2   1.1000000    
           3   1.6000000    
           4   2.0999999    
           5   2.5999999    
           6   3.0999999    
           7   3.5999999    
           8   4.0999999    
           9   4.5999999    
          10   5.0999999    
          11   5.5999999    
          12   6.0999999    
          13   6.5999999    
          14   6.3499999    
          15   6.5999999    
          16   6.4749999    
          17   6.4124999    
          18   6.3812499    
          19   6.3656249    
          20   6.3578124    
          21   6.3539062    
          22   6.3578124    
          23   6.3558593    
          24   6.3548827    
          25   6.3543944    
          26   6.3548827    
          27   6.3546386    
          28   6.3545165    
          29   6.3546386

Constate A: 52
Raiz:
           1  0.60000002    
           2   1.1000000    
           3   1.6000000    
           4   2.0999999    
           5   2.5999999    
           6   3.0999999    
           7   3.5999999    
           8   4.0999999    
           9   4.5999999    
          10   5.0999999    
          11   5.5999999    
          12   6.0999999    
          13   6.5999999    
          14   6.3499999    
          15   6.5999999    
          16   6.4749999    
          17   6.4124999    
          18   6.4749999    
          19   6.4437499    
          20   6.4281249    
          21   6.4437499    
          22   6.4359374    
          23   6.4320312    
          24   6.4300780    
          25   6.4320312    
          26   6.4310546    
          27   6.4320312    
          28   6.4315429    
          29   6.4312987    
          30   6.4311767