           1  0.60000000149011612     
           2   1.1000000014901161     
           3   1.6000000014901161     
           4   1.3500000014901161     
           5   1.6000000014901161     
           6   1.4750000014901161     
           7   1.4125000014901161     
           8   1.3812500014901161     
           9   1.3656250014901161     
          10   1.3578125014901161     
          11   1.3539062514901161     
          12   1.3578125014901161     
          13   1.3558593764901161     
          14   1.3578125014901161     
          15   1.3568359389901161     
          16   1.3578125014901161     
          17   1.3573242202401161     
          18   1.3570800796151161     
          19   1.3569580093026161     
          20   1.3568969741463661     
          21   1.3568664565682411     
          22   1.3568969741463661     
          23   1.3568817153573036     
          24   1.3568969741463661     
          25   1.3568893447518349     
          26   1.3568969741463661     
          27   1.3568931594491005     
          28   1.3568912521004677     
          29   1.3568931594491005     
