           1  0.60000002    
           2   1.1000000    
           3  0.85000002    
           4  0.72500002    
           5  0.85000002    
           6  0.78750002    
           7  0.75625002    
           8  0.74062502    
           9  0.73281252    
          10  0.74062502    
          11  0.73671877    
          12  0.74062502    
          13  0.73867190    
          14  0.74062502    
          15  0.73964846    
          16  0.73916018    
          17  0.73891604    
          18  0.73916018    
          19  0.73903811    
          20  0.73916018    
