  0.10000000      5.01253828E-03
  0.20000000      9.99932829E-03
  0.30000001      1.48562472E-02
  0.40000001      1.94749609E-02
  0.50000000      2.37431973E-02
  0.60000002      2.75449213E-02
  0.70000005      3.07606012E-02
  0.80000001      3.32676694E-02
  0.90000004      3.49412449E-02
   1.0000000      3.56548466E-02
   1.1000000      3.52815799E-02
   1.2000000      3.36948074E-02
   1.3000001      3.07701398E-02
   1.4000001      2.63863094E-02
   1.5000000      2.04269886E-02
   1.6000000      1.27832675E-02
   1.7000000      3.35441320E-03
   1.8000001      7.94887077E-03
   1.9000001      2.12035272E-02
   2.0000000      3.64710204E-02
   2.0999999      5.37955537E-02
   2.2000000      7.32010454E-02
   2.3000000      9.46919471E-02
   2.3999999      0.11824861    
   2.5000000      0.14382599    
   2.5999999      0.17135549    
   2.7000000      0.20073971    
   2.8000000      0.23185730    
   2.8999999      0.26455849    
