  4.76837386E-07
  1.01328101E-06
  1.43051784E-06
  1.96696897E-06
  2.50342646E-06
  2.98028590E-06
  3.45715398E-06
  3.99363898E-06
  4.47052935E-06
  5.00704073E-06
  5.48395928E-06
  5.96089376E-06
  6.49745562E-06
  6.97442692E-06
  7.45141870E-06
  7.92843275E-06
  8.46508283E-06
  9.00175928E-06
  9.47884928E-06
  9.95596656E-06
  1.04927312E-05
  1.10295287E-05
  1.15067396E-05
  1.19839842E-05
  1.24612643E-05
  1.29982054E-05
  1.34755601E-05
  1.39529548E-05
  1.44303904E-05
  1.49674997E-05
  1.55046564E-05
  1.59822266E-05
  1.64598423E-05
  1.69375053E-05
  1.74748602E-05
  1.79526269E-05
  1.84304463E-05
  1.89679668E-05
  1.94458971E-05
  1.99238839E-05
  2.04019289E-05
  2.09396912E-05
  2.14178581E-05
  2.18960886E-05
  2.24340492E-05
  2.29720808E-05
  2.34505114E-05
  2.39290130E-05
  2.44672592E-05
  2.49459044E-05
  2.54843053E-05
  2.59034132E-05
  2.64419687E-05
  2.69209158E-05
  2.73999431E-05
  2.79387477E-05
  2.84179368E-05
  2.89569180E-05
  2.94362781E-05
  2.99754392E-05
  3.04549776E-05
  3.09346069E-05
  3.14143217E-05
  3.19538594E-05
  3.23740351E-05
  3.29137656E-05
  3.33938660E-05
  3.38740610E-05
  3.44141008E-05
  3.48944995E-05
  3.53750002E-05
  3.58556026E-05
  3.63363142E-05
  3.68171277E-05
  3.73578259E-05
  3.78388613E-05
  3.83200095E-05
  3.88610570E-05
  3.93424343E-05
  3.98239245E-05
  4.03055346E-05
  4.07872649E-05
  4.13289235E-05
  4.18108975E-05
  4.22929916E-05
  4.28350395E-05
  4.32575544E-05
  4.37998642E-05
  4.42824712E-05
  4.47652055E-05
  4.52480708E-05
  4.57909300E-05
  4.62740682E-05
  4.67573445E-05
  4.73006330E-05
  4.77841895E-05
  4.82678879E-05
  4.87517245E-05
  4.92956060E-05
  4.97797373E-05
  5.02640141E-05
  5.07484401E-05
  5.12929400E-05
  5.17776716E-05
  5.22625560E-05
  5.27475931E-05
  5.32327867E-05
  5.37181331E-05
  5.42636008E-05
  5.47492746E-05
  5.52351084E-05
  5.57211024E-05
  5.62672503E-05
  5.67535826E-05
  5.72400822E-05
  5.77267492E-05
  5.82736029E-05
  5.87005961E-05
  5.92478100E-05
  5.96751343E-05
  6.01626671E-05
  6.07104266E-05
  6.11382638E-05
  6.16863981E-05
  6.21145809E-05
  6.26030160E-05
  6.31517250E-05
  6.36405312E-05
  6.41295337E-05
  6.46187182E-05
  6.51080991E-05
  6.55976692E-05
  6.60874357E-05
  6.65773987E-05
  6.70675581E-05
  6.74977491E-05
  6.79883015E-05
  6.84790502E-05
  6.90301822E-05
  6.95213457E-05
  7.00127202E-05
  7.05042912E-05
  7.09960805E-05
  7.14880734E-05
  7.19802847E-05
  7.24726997E-05
  7.29653329E-05
  7.34581918E-05
  7.39512543E-05
  7.44445424E-05
  7.49380561E-05
  7.53714849E-05
  7.58654351E-05
  7.63596036E-05
  7.69143298E-05
  7.73486317E-05
  7.78434842E-05
  7.83385767E-05
  7.88338948E-05
  7.93294530E-05
  7.98252368E-05
  8.03212679E-05
  8.07571341E-05
  8.12536309E-05
  8.16899483E-05
  8.21869180E-05
  8.26841424E-05
  8.31816069E-05
  8.36793188E-05
  8.42377558E-05
  8.47359770E-05
  8.51739605E-05
  8.56121769E-05
  8.61111403E-05
  8.65498369E-05
  8.70493168E-05
  8.74884936E-05
  8.79279178E-05
  8.84281544E-05
  8.88680734E-05
  8.93688339E-05
  8.98092549E-05
  9.02499232E-05
  9.06908390E-05
  9.12532778E-05
  9.17553625E-05
  9.22577237E-05
  9.27603687E-05
  9.32026014E-05
  9.37057848E-05
  9.42092593E-05
  9.46522923E-05
  9.50955873E-05
  9.55998912E-05
  9.61044789E-05
  9.66093503E-05
  9.70537440E-05
  9.75591902E-05
  9.80041295E-05
  9.84493454E-05
  9.89556574E-05
  9.94622678E-05
  9.99083277E-05
  1.00354664E-04
  1.00862148E-04
  1.01369944E-04
  1.01817146E-04
  1.02325546E-04
  1.02773323E-04
  1.03282327E-04
  1.03730694E-04
  1.04240309E-04
  1.04750237E-04
  1.05199499E-04
  1.05710060E-04
  1.06159918E-04
  1.06610074E-04
  1.07121567E-04
  1.07572334E-04
  1.08023400E-04
  1.08535853E-04
  1.08987537E-04
  1.09500637E-04
  1.09952940E-04
  1.10466688E-04
  1.10919631E-04
  1.11434034E-04
  1.11887610E-04
  1.12402682E-04
  1.12856898E-04
  1.13372647E-04
  1.13827504E-04
  1.14343937E-04
  1.14799448E-04
  1.15316565E-04
  1.15711446E-04
  1.16229239E-04
  1.16686067E-04
  1.17143216E-04
  1.17600699E-04
  1.18058510E-04
  1.18578035E-04
  1.19036522E-04
  1.19495351E-04
  1.19954515E-04
  1.20475459E-04
  1.20935314E-04
  1.21395511E-04
  1.21856050E-04
  1.22316938E-04
  1.22716650E-04
  1.23239748E-04
  1.23701670E-04
  1.24225495E-04
  1.24626560E-04
  1.25089544E-04
  1.25552862E-04
  1.26016545E-04
  1.26542232E-04
  1.26945000E-04
  1.27409759E-04
  1.27874882E-04
  1.28340369E-04
  1.28806219E-04
  1.29272448E-04
  1.29739026E-04
  1.30205983E-04
  1.30673303E-04
  1.31140987E-04
  1.31670880E-04
  1.32139336E-04
  1.32608184E-04
  1.33077396E-04
  1.33546986E-04
  1.34016955E-04
  1.34487316E-04
  1.34958056E-04
  1.35429189E-04
  1.35900700E-04
  1.36310613E-04
  1.36782895E-04
  1.37193536E-04
  1.37666575E-04
  1.38140007E-04
  1.38613847E-04
  1.39088079E-04
  1.39500597E-04
  1.39975600E-04
  1.40451011E-04
  1.40926844E-04
  1.41340875E-04
  1.41817480E-04
  1.42294506E-04
  1.42771940E-04
  1.43187528E-04
  1.43665762E-04
  1.44082107E-04
  1.44561171E-04
  1.44978301E-04
  1.45458165E-04
  1.45938451E-04
  1.46356761E-04
  1.46775477E-04
  1.47256986E-04
  1.47676488E-04
  1.48158841E-04
  1.48579144E-04
  1.49062340E-04
  1.49483443E-04
  1.49967498E-04
  1.50389416E-04
  1.50874315E-04
  1.51297048E-04
  1.51720189E-04
  1.52206369E-04
  1.52630324E-04
  1.53117377E-04
  1.53542176E-04
  1.53967383E-04
  1.54455731E-04
  1.54881782E-04
  1.55308240E-04
  1.55735106E-04
  1.56225215E-04
  1.56652939E-04
  1.57081085E-04
  1.57572533E-04
  1.58001538E-04
  1.58430965E-04
  1.58860814E-04
  1.59291085E-04
  1.59784788E-04
  1.60215932E-04
  1.60710551E-04
  1.61142569E-04
  1.61575052E-04
  1.62007957E-04
  1.62441283E-04
  1.62875062E-04
  1.63246121E-04
  1.63680757E-04
  1.64115831E-04
  1.64551340E-04
  1.64987301E-04
  1.65423713E-04
  1.65797275E-04
  1.66234560E-04
  1.66672282E-04
  1.67173814E-04
  1.67612467E-04
  1.68051571E-04
  1.68491140E-04
  1.68931161E-04
  1.69308187E-04
  1.69749095E-04
  1.70253988E-04
  1.70632324E-04
  1.71074629E-04
  1.71517400E-04
  1.71960652E-04
  1.72404354E-04
  1.72848537E-04
  1.73293185E-04
  1.73738314E-04
  1.74183922E-04
  1.74629997E-04
  1.75012785E-04
  1.75459805E-04
  1.75907291E-04
  1.76355272E-04
  1.76803733E-04
  1.77252674E-04
  1.77638198E-04
  1.78152026E-04
  1.78538481E-04
  1.78989358E-04
  1.79440744E-04
  1.79828567E-04
  1.80280913E-04
  1.80669682E-04
  1.81122989E-04
  1.81512674E-04
  1.81966971E-04
  1.82421762E-04
  1.82812859E-04
  1.83268639E-04
  1.83660668E-04
  1.84117438E-04
  1.84510427E-04
  1.84968201E-04
  1.85362136E-04
  1.85820914E-04
  1.86280202E-04
  1.86675607E-04
  1.87071462E-04
  1.87467798E-04
  1.87929094E-04
  1.88326390E-04
  1.88724167E-04
  1.89187005E-04
  1.89585757E-04
  1.90049614E-04
  1.90449355E-04
  1.90849576E-04
  1.91315004E-04
  1.91716215E-04
  1.92117921E-04
  1.92520121E-04
  1.92922802E-04
  1.93261134E-04
  1.93729633E-04
  1.94133783E-04
  1.94603359E-04
  1.95008528E-04
  1.95349232E-04
  1.95820379E-04
  1.96227047E-04
  1.96634224E-04
  1.97041882E-04
  1.97515183E-04
  1.97858753E-04
  1.98333102E-04
  1.98742826E-04
  1.99153073E-04
  1.99563816E-04
  1.99975082E-04
  2.00386858E-04
  2.00799142E-04
  2.01277318E-04
  2.01690666E-04
  2.02104537E-04
  2.02518946E-04
  2.02933865E-04
  2.03349307E-04
  2.03765274E-04
  2.04116222E-04
  2.04533222E-04
  2.04950760E-04
  2.05368822E-04
  2.05721750E-04
  2.06140845E-04
  2.06560493E-04
  2.06914905E-04
  2.07335586E-04
  2.07756806E-04
  2.08178579E-04
  2.08535013E-04
  2.08957834E-04
  2.09315273E-04
  2.09739170E-04
  2.10163606E-04
  2.10588594E-04
  2.11014136E-04
  2.11440230E-04
  2.11866878E-04
  2.12294079E-04
  2.12721832E-04
  2.13150153E-04
  2.13579042E-04
  2.13942229E-04
  2.14372209E-04
  2.14736428E-04
  2.15167514E-04
  2.15532782E-04
  2.15898559E-04
  2.16331289E-04
  2.16764587E-04
  2.17131965E-04
  2.17499837E-04
  2.17868248E-04
  2.18303772E-04
  2.18673231E-04
  2.19043213E-04
  2.19413705E-04
  2.19851470E-04
  2.20223053E-04
  2.20595160E-04
  2.20967791E-04
  2.21340946E-04
  2.21714625E-04
  2.22155766E-04
  2.22530551E-04
  2.22905859E-04
  2.23281706E-04
  2.23725132E-04
  2.24035000E-04
  2.24479576E-04
  2.24857591E-04
  2.25236159E-04
  2.25615266E-04
  2.25994925E-04
  2.26375138E-04
  2.26755874E-04
  2.27137163E-04
  2.27519005E-04
  2.27833982E-04
  2.28216886E-04
  2.28600344E-04
  2.29051875E-04
  2.29436482E-04
  2.29754049E-04
  2.30139747E-04
  2.30525999E-04
  2.30845122E-04
  2.31232450E-04
  2.31552593E-04
  2.31941027E-04
  2.32330029E-04
  2.32651742E-04
  2.33041850E-04
  2.33432525E-04
  2.33755811E-04
  2.34147577E-04
  2.34539941E-04
  2.34864798E-04
  2.35258281E-04
  2.35584201E-04
  2.35978805E-04
  2.36305772E-04
  2.36701511E-04
  2.37029541E-04
  2.37426400E-04
  2.37823857E-04
  2.38153516E-04
  2.38552122E-04
  2.38882843E-04
  2.39214103E-04
  2.39614412E-04
  2.39878180E-04
  2.40279594E-04
  2.40612993E-04
  2.41015572E-04
  2.41350062E-04
  2.41685062E-04
  2.42089387E-04
  2.42425493E-04
  2.42762122E-04
  2.43099304E-04
  2.43437025E-04
  2.43844246E-04
  2.44183058E-04
  2.44522438E-04
  2.44931405E-04
  2.45271891E-04
  2.45682080E-04
  2.45954492E-04
  2.46296608E-04
  2.46708572E-04
  2.46982498E-04
  2.47395627E-04
  2.47739983E-04
  2.48084863E-04
  2.48499797E-04
  2.48845841E-04
  2.49192468E-04
  2.49539618E-04
  2.49956967E-04
  2.50305282E-04
  2.50584475E-04
  2.50933896E-04
  2.51283869E-04
  2.51634425E-04
  2.51985533E-04
  2.52337195E-04
  2.52619502E-04
  2.52972299E-04
  2.53395643E-04
  2.53749604E-04
  2.54034036E-04
  2.54318991E-04
  2.54744780E-04
  2.55030784E-04
  2.55387538E-04
  2.55744904E-04
  2.56032508E-04
  2.56390980E-04
  2.56679632E-04
  2.57039210E-04
  2.57328909E-04
  2.57689651E-04
  2.58050975E-04
  2.58342276E-04
  2.58704764E-04
  2.58997141E-04
  2.59290013E-04
  2.59654189E-04
  2.59948138E-04
  2.60242610E-04
  2.60608474E-04
  2.60974979E-04
  2.61271081E-04
  2.61567708E-04
  2.61864829E-04
  2.62233632E-04
  2.62603018E-04
  2.62901827E-04
  2.63201131E-04
  2.63572292E-04
  2.63944035E-04
  2.64245027E-04
  2.64617964E-04
  2.64920061E-04
  2.65294191E-04
  2.65597424E-04
  2.65972747E-04
  2.66277086E-04
  2.66510266E-04
  2.66815652E-04
  2.67193303E-04
  2.67499796E-04
  2.67806812E-04
  2.68114411E-04
  2.68494448E-04
  2.68803153E-04
  2.69040378E-04
  2.69422220E-04
  2.69732554E-04
  2.70043471E-04
  2.70354940E-04
  2.70594697E-04
  2.70979508E-04
  2.71292607E-04
  2.71606288E-04
  2.71920522E-04
  2.72235309E-04
  2.72478152E-04
  2.72794015E-04
  2.73183046E-04
  2.73427431E-04
  2.73744983E-04
  2.74135848E-04
  2.74381775E-04
  2.74701044E-04
  2.75020866E-04
  2.75268336E-04
  2.75589264E-04
  2.75837752E-04
  2.76159757E-04
  2.76409235E-04
  2.76805542E-04
  2.77129293E-04
  2.77380343E-04
  2.77705200E-04
  2.77957297E-04
  2.78283289E-04
  2.78609863E-04
  2.78936990E-04
  2.79191183E-04
  2.79519445E-04
  2.79848318E-04
  2.80104083E-04
  2.80360342E-04
  2.80617096E-04
  2.81022018E-04
  2.81279878E-04
  2.81538203E-04
  2.81797053E-04
  2.82130437E-04
  2.82464403E-04
  2.82724854E-04
  2.82985799E-04
  2.83247267E-04
  2.83509231E-04
  2.83846050E-04
  2.84034701E-04
  2.84372596E-04
  2.84562178E-04
  2.84901209E-04
  2.85166287E-04
  2.85431888E-04
  2.85697955E-04
  2.85964576E-04
  2.86306487E-04
  2.86574155E-04
  2.86842376E-04
  2.87111121E-04
  2.87455332E-04
  2.87650153E-04
  2.87920440E-04
  2.88191251E-04
  2.88462586E-04
  2.88809679E-04
  2.89082120E-04
  2.89279764E-04
  2.89477844E-04
  2.89827207E-04
  2.90026219E-04
  2.90225667E-04
  2.90501135E-04
  2.90701486E-04
  2.90978001E-04
  2.91179254E-04
  2.91532546E-04
  2.91810633E-04
  2.92013341E-04
  2.92368408E-04
  2.92572106E-04
  2.92776240E-04
  2.93056917E-04
  2.93338147E-04
  2.93619902E-04
  2.93825957E-04
  2.94032419E-04
  2.94315716E-04
  2.94599566E-04
  2.94883968E-04
  2.95092381E-04
  2.95301201E-04
  2.95587146E-04
  2.95796926E-04
  2.96083919E-04
  2.96294660E-04
  2.96505837E-04
  2.96794402E-04
  2.97006511E-04
  2.97296152E-04
  2.97509221E-04
  2.97722727E-04
  2.98013940E-04
  2.98228435E-04
  2.98520696E-04
  2.98736122E-04
  2.99029460E-04
  2.99245905E-04
  2.99462787E-04
  2.99680105E-04
  2.99897889E-04
  3.00193846E-04
  3.00490385E-04
  3.00787477E-04
  3.01007269E-04
  3.01305467E-04
  3.01604217E-04
  3.01825523E-04
  3.02047294E-04
  3.02269502E-04
  3.02570435E-04
  3.02793662E-04
  3.03017383E-04
  3.03163135E-04
  3.03387700E-04
  3.03691253E-04
  3.03916837E-04
  3.04064277E-04
  3.04290734E-04
  3.04596411E-04
  3.04745074E-04
  3.04972957E-04
  3.05201305E-04
  3.05430149E-04
  3.05659458E-04
  3.05889262E-04
  3.06040369E-04
  3.06191854E-04
  3.06422968E-04
  3.06733884E-04
  3.06886621E-04
  3.07119190E-04
  3.07272712E-04
  3.07506183E-04
  3.07740120E-04
  3.07894865E-04
  3.08129733E-04
  3.08365095E-04
  3.08600924E-04
  3.08757328E-04
  3.08914081E-04
  3.09151277E-04
  3.09308816E-04
  3.09546944E-04
  3.09785537E-04
  3.10024625E-04
  3.10183852E-04
  3.10504314E-04
  3.10664385E-04
  3.10905394E-04
  3.11146927E-04
  3.11308249E-04
  3.11631447E-04
  3.11793672E-04
  3.11956246E-04
  3.12119198E-04
  3.12282558E-04
  3.12527322E-04
  3.12691467E-04
  3.12856020E-04
  3.13020922E-04
  3.13267548E-04
  3.13433266E-04
  3.13599390E-04
  3.13847413E-04
  3.14014353E-04
  3.14263307E-04
  3.14431090E-04
  3.14517471E-04
  3.14685953E-04
  3.14854813E-04
  3.15024052E-04
  3.15275713E-04
  3.15445795E-04
  3.15616257E-04
  3.15787096E-04
  3.15958343E-04
  3.16129968E-04
  3.16301972E-04
  3.16556892E-04
  3.16729740E-04
  3.16902995E-04
  3.17076629E-04
  3.17167898E-04
  3.17425089E-04
  3.17599886E-04
  3.17775091E-04
  3.17950704E-04
  3.18126666E-04
  3.18303064E-04
  3.18479870E-04
  3.18573759E-04
  3.18667880E-04
  3.18845734E-04
  3.19023966E-04
  3.19202576E-04
  3.19381594E-04
  3.19561019E-04
  3.19740851E-04
  3.19921062E-04
  3.20017774E-04
  3.20198713E-04
  3.20380059E-04
  3.20561841E-04
  3.20659805E-04
  3.20842286E-04
  3.20940831E-04
  3.21124069E-04
  3.21307685E-04
  3.21407162E-04
  3.21591535E-04
  3.21691623E-04
  3.21876723E-04
  3.21977423E-04
  3.22163251E-04
  3.22264532E-04
  3.22536187E-04
  3.22638138E-04
  3.22825537E-04
  3.22842825E-04
  3.23030923E-04
  3.23219429E-04
  3.23322864E-04
  3.23426560E-04
  3.23530490E-04
  3.23720422E-04
  3.23824992E-04
  3.23929853E-04
  3.24034947E-04
  3.24226305E-04
  3.24418099E-04
  3.24524124E-04
  3.24716675E-04
  3.24823312E-04
  3.25016590E-04
  3.25210305E-04
  3.25317902E-04
  3.25512374E-04
  3.25620582E-04
  3.25815839E-04
  3.25924688E-04
  3.26033798E-04
  3.26143170E-04
  3.26252833E-04
  3.26362759E-04
  3.26560170E-04
  3.26670706E-04
  3.26694164E-04
  3.26805195E-04
  3.26916459E-04
  3.27028014E-04
  3.27139860E-04
  3.27251939E-04
  3.27364309E-04
  3.27476941E-04
  3.27589863E-04
  3.27703019E-04
  3.27816495E-04
  3.28018417E-04
  3.28132475E-04
  3.28246824E-04
  3.28273018E-04
  3.28476366E-04
  3.28502938E-04
  3.28618335E-04
  3.28733964E-04
  3.28761060E-04
  3.28966067E-04
  3.28993541E-04
  3.29110189E-04
  3.29227158E-04
  3.29255126E-04
  3.29372531E-04
  3.29490198E-04
  3.29608156E-04
  3.29726376E-04
  3.29844886E-04
  3.29873961E-04
  3.29903152E-04
  3.30022332E-04
  3.30051815E-04
  3.30171461E-04
  3.30201263E-04
  3.30231182E-04
  3.30261217E-04
  3.30472074E-04
  3.30502458E-04
  3.30623501E-04
  3.30654206E-04
  3.30685056E-04
  3.30806768E-04
  3.30928742E-04
  3.30960058E-04
  3.30991490E-04
  3.31114134E-04
  3.31237039E-04
  3.31268966E-04
  3.31392366E-04
  3.31516028E-04
  3.31548450E-04
  3.31672578E-04
  3.31705320E-04
  3.31738120E-04
  3.31771036E-04
  3.31896037E-04
  3.32021329E-04
  3.32054740E-04
  3.32088268E-04
  3.32121883E-04
  3.32248019E-04
  3.32281925E-04
  3.32315976E-04
  3.32442753E-04
  3.32477066E-04
  3.32511496E-04
  3.32546042E-04
  3.32673662E-04
  3.32708500E-04
  3.32743424E-04
  3.32778465E-04
  3.32813594E-04
  3.32942262E-04
  3.32977652E-04
  3.33106815E-04
  3.33142496E-04
  3.33272095E-04
  3.33308097E-04
  3.33438162E-04
  3.33568489E-04
  3.33604956E-04
  3.33641539E-04
  3.33678210E-04
  3.33809410E-04
  3.33846372E-04
  3.33883450E-04
  3.33825912E-04
  3.33957840E-04
  3.33995180E-04
  3.34032637E-04
  3.33975127E-04
  3.34012642E-04
  3.34145530E-04
  3.34183365E-04
  3.34221288E-04
  3.34259297E-04
  3.34297423E-04
  3.34335607E-04
  3.34278098E-04
  3.34316370E-04
  3.34354758E-04
  3.34489305E-04
  3.34431796E-04
  3.34470446E-04
  3.34509183E-04
  3.34548007E-04
  3.34490382E-04
  3.34529323E-04
  3.34568293E-04
  3.34510551E-04
  3.34549637E-04
  3.34588811E-04
  3.34628072E-04
  3.34570213E-04
  3.34609533E-04
  3.34648939E-04
  3.34688433E-04
  3.34630400E-04
  3.34669981E-04
  3.34611832E-04
  3.34651471E-04
  3.34691198E-04
  3.34731012E-04
  3.34672688E-04
  3.34810844E-04
  3.34752491E-04
  3.34890996E-04
  3.34931217E-04
  3.34872777E-04
  3.34913057E-04
  3.34854500E-04
  3.34894838E-04
  3.34935234E-04
  3.34777316E-04
  3.34916956E-04
  3.34858079E-04
  3.34898592E-04
  3.34939163E-04
  3.34780430E-04
  3.34820943E-04
  3.34861543E-04
  3.34702199E-04
  3.34842829E-04
  3.34683107E-04
  3.34723707E-04
  3.34764336E-04
  3.34704528E-04
  3.34745215E-04
  3.34685232E-04
  3.34725919E-04
  3.34766693E-04
  3.34706507E-04
  3.34747310E-04
  3.34686920E-04
  3.34626413E-04
  3.34667187E-04
  3.34504963E-04
  3.34545679E-04
  3.34484677E-04
  3.34423530E-04
  3.34464217E-04
  3.34402866E-04
  3.34341399E-04
  3.34279757E-04
  3.34217970E-04
  3.34258511E-04
  3.34196491E-04
  3.34134325E-04
  3.34072014E-04
  3.34009557E-04
  3.33946897E-04
  3.33884091E-04
  3.33821139E-04
  3.33861361E-04
  3.33798147E-04
  3.33838369E-04
  3.33774951E-04
  3.33815144E-04
  3.33751494E-04
  3.33687669E-04
  3.33623699E-04
  3.33559525E-04
  3.33495205E-04
  3.33430682E-04
  3.33261443E-04
  3.33301141E-04
  3.33340868E-04
  3.33170843E-04
  3.33105447E-04
  3.32934753E-04
  3.32974101E-04
  3.32908123E-04
  3.32736527E-04
  3.32775642E-04
  3.32603435E-04
  3.32536612E-04
  3.32575495E-04
  3.32402386E-04
  3.32441094E-04
  3.32267344E-04
  3.32199561E-04
  3.32131545E-04
  3.31956777E-04
  3.31888266E-04
  3.31712712E-04
  3.31643678E-04
  3.31681484E-04
  3.31504998E-04
  3.31435323E-04
  3.31365474E-04
  3.31187854E-04
  3.31225106E-04
  3.30939074E-04
  3.30868148E-04
  3.30904964E-04
  3.30725568E-04
  3.30653973E-04
  3.30473820E-04
  3.30510113E-04
  3.30437848E-04
  3.30365321E-04
  3.30292620E-04
  3.30001814E-04
  3.30037466E-04
  3.29963950E-04
  3.29780887E-04
  3.29706789E-04
  3.29632428E-04
  3.29557864E-04
  3.29483039E-04
  3.29407980E-04
  3.29332688E-04
  3.29147006E-04
  3.29071103E-04
  3.28994967E-04
  3.28808062E-04
  3.28731316E-04
  3.28654336E-04
  3.28355323E-04
  3.28388560E-04
  3.28199530E-04
  3.28121270E-04
  3.27931397E-04
  3.27741000E-04
  3.27661721E-04
  3.27470421E-04
  3.27390502E-04
  3.27422313E-04
  3.27117683E-04
  3.27036832E-04
  3.26843321E-04
  3.26761801E-04
  3.26680019E-04
  3.26485198E-04
  3.26402718E-04
  3.26206937E-04
  3.26010661E-04
  3.26040376E-04
  3.25729838E-04
  3.25759116E-04
  3.25561035E-04
  3.25476198E-04
  3.25277186E-04
  3.25077592E-04
  3.24877474E-04
  3.24791094E-04
  3.24589957E-04
  3.24502878E-04
  3.24186054E-04
  3.24212917E-04
  3.24009830E-04
  3.23806162E-04
  3.23601940E-04
  3.23512475E-04
  3.23307235E-04
  3.23101413E-04
  3.22894979E-04
  3.22803884E-04
  3.22596432E-04
  3.22620734E-04
  3.22412379E-04
  3.22087028E-04
  3.21993924E-04
  3.21900530E-04
  3.21573083E-04
  3.21478728E-04
  3.21266940E-04
  3.21054540E-04
  3.20958905E-04
  3.20745428E-04
  3.20649007E-04
  3.20316612E-04
  3.20101302E-04
  3.20003426E-04
  3.19668790E-04
  3.19569983E-04
  3.19352286E-04
  3.19252576E-04
  3.19152547E-04
  3.18814331E-04
  3.18594248E-04
  3.18373553E-04
  3.18152190E-04
  3.18049657E-04
  3.17707541E-04
  3.17603990E-04
  3.17500031E-04
  3.17155675E-04
  3.16990627E-04
  3.16704740E-04
  3.16598773E-04
  3.16432066E-04
  3.16144113E-04
  3.16036690E-04
  3.15686804E-04
  3.15517711E-04
  3.15348094E-04
  3.15117213E-04
  3.14885634E-04
  3.14592500E-04
  3.14420409E-04
  3.14308825E-04
  3.13952420E-04
  3.13778553E-04
  3.13420402E-04
  3.13306518E-04
  3.13130819E-04
  3.12831660E-04
  3.12654680E-04
  3.12538759E-04
  3.12175660E-04
  3.11996846E-04
  3.11693788E-04
  3.11513664E-04
  3.11332959E-04
  3.11089592E-04
  3.10907635E-04
  3.10538482E-04
  3.10417410E-04
  3.10233561E-04
  3.09861760E-04
  3.09738971E-04
  3.09365394E-04
  3.09178751E-04
  3.08991497E-04
  3.08677991E-04
  3.08552262E-04
  3.08174203E-04
  3.07984184E-04
  3.07793554E-04
  3.07475886E-04
  3.07283859E-04
  3.07091192E-04
  3.06707603E-04
  3.06576956E-04
  3.06255068E-04
  3.05995869E-04
  3.05799651E-04
  3.05411289E-04
  3.05149646E-04
  3.04887188E-04
  3.04687972E-04
  3.04423971E-04
  3.04094894E-04
  3.03893466E-04
  3.03562614E-04
  3.03359702E-04
  3.03156121E-04
  3.02757981E-04
  3.02552828E-04
  3.02152621E-04
  3.01945838E-04
  3.01738386E-04
  3.01270135E-04
  3.01126071E-04
  3.00720742E-04
  3.00510030E-04
  3.00298620E-04
  2.99890176E-04
  2.99677136E-04
  2.99463369E-04
  2.99117499E-04
  2.98902130E-04
  2.98422674E-04
  2.98205559E-04
  2.97987688E-04
  2.97570834E-04
  2.97351275E-04
  2.96998449E-04
  2.96644546E-04
  2.96422455E-04
  2.96066573E-04
  2.95776234E-04
  2.95351580E-04
  2.95125996E-04
  2.94899626E-04
  2.94538651E-04
  2.94243597E-04
  2.93813355E-04
  2.93583464E-04
  2.93352787E-04
  2.92919227E-04
  2.92686716E-04
  2.92385899E-04
  2.91948905E-04
  2.91713717E-04
  2.91274337E-04
  2.91037286E-04
  2.90731492E-04
  2.90288590E-04
  2.90048803E-04
  2.89671734E-04
  2.89361808E-04
  2.89119344E-04
  2.88670533E-04
  2.88426148E-04
  2.87974894E-04
  2.87659845E-04
  2.87343748E-04
  2.86957715E-04
  2.86708557E-04
  2.86251161E-04
  2.85930844E-04
  2.85678776E-04
  2.85217684E-04
  2.84963666E-04
  2.84639187E-04
  2.84174341E-04
  2.83917354E-04
  2.83519796E-04
  2.83190951E-04
  2.82861030E-04
  2.82389810E-04
  2.82057590E-04
  2.81653978E-04
  2.81319488E-04
  2.81054439E-04
  2.80576729E-04
  2.80309585E-04
  2.79899978E-04
  2.79559987E-04
  2.79218890E-04
  2.78805615E-04
  2.78462190E-04
  2.78046413E-04
  2.77700688E-04
  2.77353829E-04
  2.76862789E-04
  2.76585110E-04
  2.76306469E-04
  2.75739672E-04
  2.75458733E-04
  2.74960883E-04
  2.74677761E-04
  2.74321472E-04
  2.73891754E-04
  2.73533078E-04
  2.73028243E-04
  2.72739591E-04
  2.72377278E-04
  2.71941011E-04
  2.71649100E-04
  2.71064317E-04
  2.70770048E-04
  2.70401593E-04
  2.69885408E-04
  2.69514334E-04
  2.69068609E-04
  2.68695003E-04
  2.68393836E-04
  2.67870375E-04
  2.67566851E-04
  2.67188327E-04
  2.66660471E-04
  2.66279269E-04
  2.65748327E-04
  2.65438779E-04
  2.65053706E-04
  2.64518254E-04
  2.64205097E-04
  2.63666618E-04
  2.63276190E-04
  2.62959395E-04
  2.62416346E-04
  2.62021931E-04
  2.61475710E-04
  2.61153822E-04
  2.60755420E-04
  2.60280096E-04
  2.59878929E-04
  2.59400666E-04
  2.59072636E-04
  2.58667511E-04
  2.58184940E-04
  2.57777021E-04
  2.57444044E-04
  2.56880739E-04
  2.56545143E-04
  2.55978608E-04
  2.55640392E-04
  2.55224237E-04
  2.54652841E-04
  2.54310726E-04
  2.53736041E-04
  2.53391248E-04
  2.52967933E-04
  2.52388330E-04
  2.51961988E-04
  2.51456571E-04
  2.51027290E-04
  2.50674493E-04
  2.50086508E-04
  2.49652861E-04
  2.49061326E-04
  2.48702912E-04
  2.48343247E-04
  2.47746735E-04
  2.47384247E-04
  2.46784271E-04
  2.46418989E-04
  2.46052456E-04
  2.45447358E-04
  2.45077972E-04
  2.44707306E-04
  2.44097100E-04
  2.43723567E-04
  2.43109796E-04
  2.42653594E-04
  2.42195878E-04
  2.41656628E-04
  2.41275833E-04
  2.40653098E-04
  2.40189023E-04
  2.39803849E-04
  2.39175686E-04
  2.38787514E-04
  2.38155670E-04
  2.37764471E-04
  2.37371933E-04
  2.36653563E-04
  2.36339096E-04
  2.35779444E-04
  2.35299449E-04
  2.34899417E-04
  2.34171224E-04
  2.33767976E-04
  2.33363346E-04
  2.32793216E-04
  2.32385559E-04
  2.31647369E-04
  2.31318845E-04
  2.30906604E-04
  2.30245059E-04
  2.29746889E-04
  2.29081314E-04
  2.28745543E-04
  2.28159231E-04
  2.27571029E-04
  2.27147568E-04
  2.26472257E-04
  2.26045522E-04
  2.25617317E-04
  2.24852338E-04
  2.24504649E-04
  2.23819443E-04
  2.23384603E-04
  2.22948249E-04
  2.22257091E-04
  2.21817376E-04
  2.21291470E-04
  2.20679009E-04
  2.20064525E-04
  2.19448004E-04
  2.18914633E-04
  2.18464760E-04
  2.17927925E-04
  2.17474822E-04
  2.16763161E-04
  2.16392349E-04
  2.15848384E-04
  2.15216569E-04
  2.14841144E-04
  2.14119238E-04
  2.13740641E-04
  2.13187610E-04
  2.12546060E-04
  2.12075975E-04
  2.11343518E-04
  2.10782760E-04
  2.10307306E-04
  2.09742895E-04
  2.09176578E-04
  2.08695928E-04
  2.08038255E-04
  2.07466219E-04
  2.06804296E-04
  2.06316341E-04
  2.05826713E-04
  2.05158736E-04
  2.04576994E-04
  2.03993288E-04
  2.03407631E-04
  2.02820011E-04
  2.02230382E-04
  2.01549672E-04
  2.00955939E-04
  2.00449591E-04
  1.99941496E-04
  1.99162707E-04
  1.98650712E-04
  1.97957124E-04
  1.97351284E-04
  1.96833586E-04
  1.96223787E-04
  1.95521468E-04
  1.94997992E-04
  1.94200562E-04
  1.93673070E-04
  1.92961757E-04
  1.92521489E-04
  1.91988394E-04
  1.91179250E-04
  1.90733612E-04
  1.89919680E-04
  1.89378523E-04
  1.88835489E-04
  1.88106409E-04
  1.87467129E-04
  1.86918041E-04
  1.86274585E-04
  1.85721583E-04
  1.84981094E-04
  1.84331075E-04
  1.83678858E-04
  1.83117634E-04
  1.82647826E-04
  1.81802418E-04
  1.81141455E-04
  1.80665811E-04
  1.80000658E-04
  1.79333263E-04
  1.78569404E-04
  1.77991678E-04
  1.77411959E-04
  1.76640984E-04
  1.76151749E-04
  1.75281122E-04
  1.74597750E-04
  1.74102461E-04
  1.73224034E-04
  1.72724671E-04
  1.71840977E-04
  1.71241714E-04
  1.70736326E-04
  1.69940919E-04
  1.69431529E-04
  1.68631217E-04
  1.68021274E-04
  1.67505903E-04
  1.66698257E-04
  1.66081838E-04
  1.65463309E-04
  1.64842641E-04
  1.64122408E-04
  1.63302175E-04
  1.62772340E-04
  1.62142780E-04
  1.61315009E-04
  1.60680807E-04
  1.59749456E-04
  1.59208896E-04
  1.58567796E-04
  1.57825707E-04
  1.57180039E-04
  1.56333976E-04
  1.55683549E-04
  1.55030881E-04
  1.54276408E-04
  1.53718778E-04
  1.52859633E-04
  1.52197608E-04
  1.51533313E-04
  1.50766398E-04
  1.50097359E-04
  1.49224725E-04
  1.48550767E-04
  1.47975414E-04
  1.47195839E-04
  1.46514882E-04
  1.45831582E-04
  1.44942736E-04
  1.44254402E-04
  1.43461788E-04
  1.42870602E-04
  1.42072895E-04
  1.41272481E-04
  1.40674412E-04
  1.39766154E-04
  1.39060561E-04
  1.38455551E-04
  1.37538867E-04
  1.36825780E-04
  1.36006725E-04
  1.35288559E-04
  1.34671776E-04
  1.33740788E-04
  1.33119189E-04
  1.32182395E-04
  1.31555949E-04
  1.30822635E-04
  1.30086817E-04
  1.29348453E-04
  1.28607542E-04
  1.27758743E-04
  1.27012550E-04
  1.26158120E-04
  1.25406601E-04
  1.24758517E-04
  1.23789621E-04
  1.23030142E-04
  1.22161538E-04
  1.21396653E-04
  1.20842837E-04
  1.19965975E-04
  1.19193319E-04
  1.18310629E-04
  1.17640011E-04
  1.16967065E-04
  1.16075986E-04
  1.15397983E-04
  1.14392911E-04
  1.13709655E-04
  1.12915441E-04
  1.12009729E-04
  1.11318775E-04
  1.10734538E-04
  1.09711094E-04
  1.08903099E-04
  1.07982669E-04
  1.07278727E-04
  1.06572334E-04
  1.05643136E-04
  1.04931460E-04
  1.03885723E-04
  1.03168546E-04
  1.02448874E-04
  1.01504564E-04
  1.00779514E-04
  9.98290852E-05
  9.90986155E-05
  9.83656137E-05
  9.74061113E-05
  9.66676234E-05
  9.57019074E-05
  9.49579116E-05
  9.40986283E-05
  9.32363764E-05
  9.23711632E-05
  9.17294674E-05
  9.07451904E-05
  8.99847946E-05
  8.89941366E-05
  8.81140732E-05
  8.73451572E-05
  8.63448222E-05
  8.57993000E-05
  8.47928459E-05
  8.38978740E-05
  8.32300648E-05
  8.22139627E-05
  8.15408857E-05
  8.05183736E-05
  7.97241155E-05
  7.89270998E-05
  7.78947797E-05
  7.72082858E-05
  7.62860873E-05
  7.54775538E-05
  7.46662117E-05
  7.36175789E-05
  7.29176318E-05
  7.20976022E-05
  7.10390959E-05
  7.02129764E-05
  6.92657777E-05
  6.84337137E-05
  6.77173666E-05
  6.66421111E-05
  6.59201396E-05
  6.49572612E-05
  6.40507569E-05
  6.33204909E-05
  6.23480955E-05
  6.14923338E-05
  6.03932167E-05
  5.95912934E-05
  5.88468756E-05
  5.77374703E-05
  5.69267395E-05
  5.59313885E-05
  5.51146986E-05
  5.42951675E-05
  5.32900631E-05
  5.24645147E-05
  5.15138709E-05
  5.04987147E-05
  4.96640023E-05
  4.86421231E-05
  4.78012807E-05
  4.69575098E-05
  4.59256153E-05
  4.50138214E-05
  4.39749856E-05
  4.31807275E-05
  4.23215533E-05
  4.12726295E-05
  4.04071507E-05
  3.94137351E-05
  3.86045904E-05
  3.77926226E-05
  3.67266985E-05
  3.57199715E-05
  3.46467605E-05
  3.38222453E-05
  3.29316499E-05
  3.19113205E-05
  3.10777323E-05
  2.99235726E-05
  2.90836288E-05
  2.82407636E-05
  2.72033849E-05
  2.62263766E-05
  2.55022896E-05
  2.44547373E-05
  2.35321477E-05
  2.23487241E-05
  2.14837874E-05
  2.05512151E-05
  1.94211843E-05
  1.85466361E-05
  1.74741635E-05
  1.64630419E-05
  1.55787784E-05
  1.44955529E-05
  1.36047938E-05
  1.25798952E-05
  1.15514385E-05
  1.06509060E-05
  9.61552178E-06
  8.70849090E-06
  7.53395670E-06
  6.68635630E-06
  5.76949333E-06
  4.71658223E-06
  3.72656064E-06
  2.93308381E-06
  1.73618912E-06
  8.02707575E-07
  2.01025074E-07
  1.07399501E-06
  2.01723856E-06
  3.09847474E-06
  4.11599194E-06
  5.13704435E-06
  6.09393373E-06
  7.05414641E-06
  8.28947850E-06
  9.25684708E-06
  1.03639404E-05
  1.14065797E-05
  1.23844184E-05
  1.35027349E-05
  1.44189553E-05
  1.56134774E-05
  1.65365491E-05
  1.75318455E-05
  1.87380247E-05
  1.96713409E-05
  2.06078967E-05
  2.17562228E-05
  2.26996508E-05
  2.39253586E-05
  2.48758333E-05
  2.58296041E-05
  2.69269221E-05
  2.78173229E-05
  2.90626431E-05
  2.99598396E-05
  3.09307579E-05
  3.22587475E-05
  3.31661722E-05
  3.44316904E-05
  3.54171498E-05
  3.63347826E-05
  3.76124299E-05
  3.85370549E-05
  3.96797404E-05
  4.06829022E-05
  4.16176626E-05
  4.29876782E-05
  4.39296891E-05
  4.49472136E-05
  4.61130403E-05
  4.71378844E-05
  4.83842196E-05
  4.93437910E-05
  5.03066767E-05
  5.15650318E-05
  5.26082767E-05
  5.37284322E-05
  5.48524731E-05
  5.58333013E-05
  5.70385819E-05
  5.81004169E-05
  5.92398828E-05
  6.03833068E-05
  6.13822631E-05
  6.25333705E-05
  6.36884724E-05
  6.49221984E-05
  6.58612189E-05
  6.68783541E-05
  6.81990859E-05
  6.91486348E-05
  7.01767494E-05
  7.15101269E-05
  7.25458958E-05
  7.37366427E-05
  7.47798476E-05
  7.59026370E-05
  7.71054183E-05
  7.82361312E-05
  7.93707586E-05
  8.05093223E-05
  8.15751628E-05
  8.27214826E-05
  8.38717751E-05
  8.52572848E-05
  8.61843218E-05
  8.71918819E-05
  8.85904155E-05
  8.96056226E-05
  9.08576621E-05
  9.19582162E-05
  9.30625611E-05
  9.41707185E-05
  9.53610506E-05
  9.63985149E-05
  9.76754673E-05
  9.88780666E-05
  1.00084835E-04
  1.01216719E-04
  1.02273298E-04
  1.03650935E-04
  1.04715364E-04
  1.06022388E-04
  1.07094587E-04
  1.08090520E-04
  1.09490291E-04
  1.10574016E-04
  1.11902606E-04
  1.13074748E-04
  1.14170274E-04
  1.15512026E-04
  1.16615534E-04
  1.17885073E-04
  1.19077740E-04
  1.20111676E-04
  1.21557008E-04
  1.22598765E-04
  1.23889709E-04
  1.25021077E-04
  1.26156330E-04
  1.27542458E-04
  1.28603497E-04
  1.29668158E-04
  1.31067587E-04
  1.32140136E-04
  1.33548732E-04
  1.34712478E-04
  1.35796814E-04
  1.37219089E-04
  1.38311458E-04
  1.39659169E-04
  1.40843506E-04
  1.41947719E-04
  1.43308716E-04
  1.44420963E-04
  1.45875616E-04
  1.46996084E-04
  1.48120380E-04
  1.49589017E-04
  1.50806925E-04
  1.52114444E-04
  1.53169676E-04
  1.54485766E-04
  1.55892340E-04
  1.56959446E-04
  1.58116411E-04
  1.59536532E-04
  1.60701893E-04
  1.62044686E-04
  1.63218341E-04
  1.64395984E-04
  1.65839330E-04
  1.67112914E-04
  1.68565981E-04
  1.69673222E-04
  1.70959975E-04
  1.72251137E-04
  1.73458524E-04
  1.74846777E-04
  1.76062749E-04
  1.77105438E-04
  1.78507136E-04
  1.79824652E-04
  1.81325129E-04
  1.82562668E-04
  1.83714874E-04
  1.85140147E-04
  1.86480451E-04
  1.87645230E-04
  1.89084662E-04
  1.90167426E-04
  1.91616142E-04
  1.92888387E-04
  1.94074033E-04
  1.95536981E-04
  1.96731184E-04
  1.98112306E-04
  1.99406568E-04
  2.00705239E-04
  2.02100317E-04
  2.03315896E-04
  2.04812561E-04
  2.06036915E-04
  2.07265388E-04
  2.08776604E-04
  2.10013954E-04
  2.11441904E-04
  2.12781379E-04
  2.14125423E-04
  2.15567808E-04
  2.16733373E-04
  2.17996945E-04
  2.19453374E-04
  2.20725880E-04
  2.22286646E-04
  2.23568306E-04
  2.24854331E-04
  2.26335076E-04
  2.27725570E-04
  2.29216341E-04
  2.30520774E-04
  2.31733677E-04
  2.33238999E-04
  2.34556879E-04
  2.36072228E-04
  2.37399436E-04
  2.38537395E-04
  2.40067326E-04
  2.41408037E-04
  2.42850714E-04
  2.44200724E-04
  2.45555304E-04
  2.47012445E-04
  2.48278200E-04
  2.49646575E-04
  2.51216756E-04
  2.52397265E-04
  2.53878534E-04
  2.55265710E-04
  2.56657630E-04
  2.58253305E-04
  2.59455555E-04
  2.61061476E-04
  2.62172369E-04
  2.63587805E-04
  2.65108509E-04
  2.66433053E-04
  2.67963827E-04
  2.69297627E-04
  2.70534627E-04
  2.72181671E-04
  2.73529324E-04
  2.74983380E-04
  2.76340288E-04
  2.77701707E-04
  2.79272703E-04
  2.80540989E-04
  2.81813438E-04
  2.83399451E-04
  2.84887559E-04
  2.86380731E-04
  2.87775241E-04
  2.89174437E-04
  2.90786556E-04
  2.92091252E-04
  2.93818361E-04
  2.95132486E-04
  2.96450977E-04
  2.98089260E-04
  2.99417094E-04
  3.01066058E-04
  3.02403292E-04
  3.03850946E-04
  3.05409689E-04
  3.06867267E-04
  3.08329763E-04
  3.09797149E-04
  3.11162410E-04
  3.12746735E-04
  3.14121484E-04
  3.15716141E-04
  3.17100406E-04
  3.18489270E-04
  3.20099381E-04
  3.21389351E-04
  3.22901033E-04
  3.24526743E-04
  3.25939618E-04
  3.27576010E-04
  3.28998663E-04
  3.30426061E-04
  3.32298456E-04
  3.33956763E-04
  3.35178658E-04
  3.36736673E-04
  3.38299898E-04
  3.39646038E-04
  3.41330742E-04
  3.42797954E-04
  3.44046333E-04
  3.45634908E-04
  3.47341120E-04
  3.49053153E-04
  3.50320013E-04
  3.52155825E-04
  3.53771495E-04
  3.54825432E-04
  3.56450881E-04
  3.58081772E-04
  3.59489961E-04
  3.61131417E-04
  3.62778403E-04
  3.64545762E-04
  3.65743908E-04
  3.67522152E-04
  3.69075453E-04
  3.70286667E-04
  3.71965580E-04
  3.73766379E-04
  3.74991039E-04
  3.76569573E-04
  3.78504134E-04
  3.79742443E-04
  3.81454127E-04
  3.83053964E-04
  3.84894898E-04
  3.86033411E-04
  3.87767155E-04
  3.89506749E-04
  3.90776811E-04
  3.92408110E-04
  3.94283474E-04
  3.95567418E-04
  3.97334603E-04
  3.98867647E-04
  4.00766614E-04
  4.01948782E-04
  4.03617683E-04
  4.05352650E-04
  4.06729581E-04
  4.08536231E-04
  4.10227221E-04
  4.11435700E-04
  4.13198082E-04
  4.14966402E-04
  4.16372292E-04
  4.18028678E-04
  4.19690565E-04
  4.21481498E-04
  4.22783196E-04
  4.24647180E-04
  4.26331011E-04
  4.27584426E-04
  4.29528125E-04
  4.31103224E-04
  4.32495406E-04
  4.34394344E-04
  4.36048023E-04
  4.37833194E-04
  4.39118827E-04
  4.40724922E-04
  4.42653545E-04
  4.43952857E-04
  4.45702084E-04
  4.47520957E-04
  4.48898063E-04
  4.50856402E-04
  4.52564389E-04
  4.53827350E-04
  4.55674657E-04
  4.57528164E-04
  4.59193514E-04
  4.60669515E-04
  4.62475407E-04
  4.64222103E-04
  4.65386605E-04
  4.67274484E-04
  4.69037477E-04
  4.70609084E-04
  4.72449174E-04
  4.74097353E-04
  4.76081535E-04
  4.77343303E-04
  4.79405804E-04
  4.81209107E-04
  4.82618110E-04
  4.84298740E-04
  4.86252742E-04
  4.87609184E-04
  4.89440514E-04
  4.91345243E-04
  4.92513354E-04
  4.94496897E-04
  4.96283639E-04
  4.98144189E-04
  4.99534013E-04
  5.01474075E-04
  5.03215415E-04
  5.04756696E-04
  5.06577548E-04
  5.08473138E-04
  5.09685196E-04
  5.11660997E-04
  5.13504841E-04
  5.15563006E-04
  5.16723667E-04
  5.18724031E-04
  5.20661240E-04
  5.21974696E-04
  5.23853232E-04
  5.25737880E-04
  5.27135504E-04
  5.29172656E-04
  5.31004334E-04
  5.32345672E-04
  5.34259249E-04
  5.36250300E-04
  5.38247928E-04
  5.39537054E-04
  5.41474787E-04
  5.43346978E-04
  5.44793438E-04
  5.46821160E-04
  5.48638753E-04
  5.50027587E-04
  5.52146230E-04
  5.53908292E-04
  5.55967446E-04
  5.57522115E-04
  5.59374283E-04
  5.61232329E-04
  5.62802306E-04
  5.64819085E-04
  5.66620904E-04
  5.68058516E-04
  5.69945143E-04
  5.71912096E-04
  5.73438650E-04
  5.75566781E-04
  5.77402767E-04
  5.79319545E-04
  5.80791733E-04
  5.82795125E-04
  5.84578724E-04
  5.86292299E-04
  5.88238414E-04
  5.90190757E-04
  5.91769000E-04
  5.93580597E-04
  5.95779973E-04
  5.97680337E-04
  5.99202933E-04
  6.01191423E-04
  6.03032182E-04
  6.04724220E-04
  6.06576155E-04
  6.08589035E-04
  6.10141957E-04
  6.12011005E-04
  6.14120101E-04
  6.15610101E-04
  6.17574842E-04
  6.19624392E-04
  6.21680578E-04
  6.23111904E-04
  6.25259068E-04
  6.27254718E-04
  6.28779992E-04
  6.30628085E-04
  6.32721290E-04
  6.34181430E-04
  6.36126439E-04
  6.38157944E-04
  6.40276412E-04
  6.41675608E-04
  6.43887033E-04
  6.45862659E-04
  6.47438399E-04
  6.49588357E-04
  6.51418930E-04
  6.53173425E-04
  6.55178796E-04
  6.57272642E-04
  6.58632664E-04
  6.60738209E-04
  6.62933162E-04
  6.64969615E-04
  6.66597451E-04
  6.68645836E-04
  6.70617272E-04
  6.72344235E-04
  6.74411072E-04
  6.76400552E-04
  6.78059761E-04
  6.79892255E-04
  6.82152633E-04
  6.84166327E-04
  6.85762032E-04
  6.87872351E-04
  6.89989363E-04
  6.91515161E-04
  6.93729788E-04
  6.95865776E-04
  6.97234762E-04
  6.99382508E-04
  7.01623445E-04
  7.03611935E-04
  7.05259561E-04
  7.07433326E-04
  7.09614018E-04
  7.11190340E-04
  7.13470974E-04
  7.15583505E-04
  7.17175251E-04
  7.19387841E-04
  7.21342629E-04
  7.23126286E-04
  7.25269783E-04
  7.27331091E-04
  7.29576859E-04
  7.31026230E-04
  7.33284513E-04
  7.35370559E-04
  7.37013586E-04
  7.39201554E-04
  7.41125492E-04
  7.42964563E-04
  7.44990306E-04
  7.47203943E-04
  7.49333412E-04
  7.50921608E-04
  7.53154454E-04
  7.55210815E-04
  7.56905763E-04
  7.59065850E-04
  7.61324889E-04
  7.62943353E-04
  7.65215140E-04
  7.67401070E-04
  7.69127975E-04
  7.71139632E-04
  7.73437961E-04
  7.75555905E-04
  7.77210284E-04
  7.79434165E-04
  7.81664974E-04
  7.83429423E-04
  7.85578042E-04
  7.87638070E-04
  7.89418409E-04
  7.91680941E-04
  7.93950516E-04
  7.96035281E-04
  7.97741581E-04
  7.99837755E-04
  8.02133349E-04
  8.03758448E-04
  8.06066673E-04
  8.08284851E-04
  8.10022466E-04
  8.12350714E-04
  8.14588217E-04
  8.16341897E-04
  8.18493543E-04
  8.20651592E-04
  8.23013601E-04
  8.24788818E-04
  8.26866366E-04
  8.29248398E-04
  8.31039622E-04
  8.33235274E-04
  8.35337210E-04
  8.37244559E-04
  8.39358254E-04
  8.41578876E-04
  8.43907299E-04
  8.45736242E-04
  8.47773044E-04
  8.50324461E-04
  8.52067955E-04
  8.54326994E-04
  8.56695231E-04
  8.58351821E-04
  8.60526925E-04
  8.63017922E-04
  8.64586094E-04
  8.66883202E-04
  8.69291020E-04
  8.71393830E-04
  8.73189594E-04
  8.75408237E-04
  8.77738174E-04
  8.79654719E-04
  8.81786982E-04
  8.84241948E-04
  8.85858084E-04
  8.88220151E-04
  8.90589261E-04
  8.93072051E-04
  8.94814904E-04
  8.97097168E-04
  8.99493287E-04
  9.01143998E-04
  9.03552747E-04
  9.05860739E-04
  9.07634152E-04
  9.10062983E-04
  9.12390300E-04
  9.14179254E-04
  9.16409597E-04
  9.18865437E-04
  9.21218831E-04
  9.22918844E-04
  9.25284461E-04
  9.27546585E-04
  9.29371861E-04
  9.31756862E-04
  9.34260257E-04
  9.35990014E-04
  9.38506622E-04
  9.40806640E-04
  9.43113118E-04
  9.45088395E-04
  9.47294466E-04
  9.49846057E-04
  9.51611437E-04
  9.54062969E-04
  9.56521719E-04
  9.58302408E-04
  9.60773963E-04
  9.63023282E-04
  9.64933890E-04
  9.67425585E-04
  9.69924615E-04
  9.72199254E-04
  9.74015798E-04
  9.76418378E-04
  9.78827826E-04
  9.80776502E-04
  9.83081642E-04
  9.85627994E-04
  9.87593201E-04
  9.90035129E-04
  9.92247602E-04
  9.94821778E-04
  9.96690243E-04
  9.98980016E-04
  1.00145524E-03
  1.00345875E-03
  1.00600708E-03
  1.00832235E-03
  1.01028231E-03
  1.01266976E-03
  1.01518503E-03
  1.01697899E-03
  1.01956795E-03
  1.02198147E-03
  1.02446286E-03
  1.02639967E-03
  1.02870958E-03
  1.03127188E-03
  1.03322451E-03
  1.03573850E-03
  1.03819743E-03
  1.04004180E-03
  1.04263774E-03
  1.04505382E-03
  1.04747643E-03
  1.04952930E-03
  1.05209032E-03
  1.05446938E-03
  1.05641247E-03
  1.05880341E-03
  1.06139120E-03
  1.06341357E-03
  1.06582348E-03
  1.06849568E-03
  1.07027811E-03
  1.07302796E-03
  1.07539934E-03
  1.07803545E-03
  1.07996701E-03
  1.08248659E-03
  1.08494819E-03
  1.08709047E-03
  1.08943391E-03
  1.09211088E-03
  1.09413906E-03
  1.09663233E-03
  1.09919836E-03
  1.10157311E-03
  1.10375520E-03
  1.10627478E-03
  1.10880111E-03
  1.11066666E-03
  1.11327216E-03
  1.11595192E-03
  1.11789943E-03
  1.12045766E-03
  1.12302299E-03
  1.12498552E-03
  1.12763117E-03
  1.13014807E-03
  1.13267172E-03
  1.13479164E-03
  1.13725918E-03
  1.13993930E-03
  1.14193803E-03
  1.14449323E-03
  1.14712457E-03
  1.14934682E-03
  1.15185243E-03
  1.15457363E-03
  1.15709286E-03
  1.15926831E-03
  1.16165925E-03
  1.16440828E-03
  1.16638863E-03
  1.16893882E-03
  1.17149577E-03
  1.17370381E-03
  1.17613073E-03
  1.17884937E-03
  1.18093099E-03
  1.18351949E-03
  1.18625863E-03
  1.18893315E-03
  1.19096413E-03
  1.19357894E-03
  1.19620073E-03
  1.19839224E-03
  1.20088062E-03
  1.20366807E-03
  1.20572932E-03
  1.20838312E-03
  1.21104391E-03
  1.21378561E-03
  1.21586770E-03
  1.21839973E-03
  1.22101256E-03
  1.22318417E-03
  1.22595893E-03
  1.22844102E-03
  1.23055337E-03
  1.23319752E-03
  1.23584841E-03
  1.23812736E-03
  1.24071504E-03
  1.24346139E-03
  1.24613871E-03
  1.24828750E-03
  1.25097728E-03
  1.25352025E-03
  1.25568418E-03
  1.25854765E-03
  1.26126397E-03
  1.26328866E-03
  1.26609509E-03
  1.26875297E-03
  1.27157394E-03
  1.27353985E-03
  1.27629493E-03
  1.27905712E-03
  1.28119474E-03
  1.28389057E-03
  1.28651364E-03
  1.28882495E-03
  1.29161985E-03
  1.29426189E-03
  1.29642931E-03
  1.29908312E-03
  1.30182400E-03
  1.30465254E-03
  1.30675966E-03
  1.30943873E-03
  1.31236832E-03
  1.31449022E-03
  1.31726987E-03
  1.32013857E-03
  1.32235733E-03
  1.32515689E-03
  1.32796355E-03
  1.33077730E-03
  1.33301714E-03
  1.33567723E-03
  1.33859378E-03
  1.34068180E-03
  1.34344376E-03
  1.34629663E-03
  1.34856696E-03
  1.35126396E-03
  1.35413662E-03
  1.35701662E-03
  1.35913794E-03
  1.36211584E-03
  1.36475929E-03
  1.36715174E-03
  1.36997865E-03
  1.37264025E-03
  1.37487601E-03
  1.37780851E-03
  1.38057477E-03
  1.38265127E-03
  1.38551614E-03
  1.38847576E-03
  1.39126740E-03
  1.39353808E-03
  1.39642984E-03
  1.39906362E-03
  1.40152604E-03
  1.40434864E-03
  1.40717800E-03
  1.40956778E-03
  1.41232007E-03
  1.41525792E-03
  1.41829310E-03
  1.42034411E-03
  1.42330187E-03
  1.42617617E-03
  1.42842147E-03
  1.43139891E-03
  1.43420114E-03
  1.43655215E-03
  1.43945799E-03
  1.44218665E-03
  1.44436792E-03
  1.44729228E-03
  1.45031628E-03
  1.45334785E-03
  1.45554822E-03
  1.45840587E-03
  1.46136351E-03
  1.46357727E-03
  1.46645308E-03
  1.46942993E-03
  1.47165707E-03
  1.47455151E-03
  1.47745258E-03
  1.48036028E-03
  1.48289243E-03
  1.48562086E-03
  1.48873939E-03
  1.49090274E-03
  1.49393769E-03
  1.49697997E-03
  1.49935030E-03
  1.50240550E-03
  1.50527281E-03
  1.50755979E-03
  1.51053630E-03
  1.51361804E-03
  1.51641155E-03
  1.51881576E-03
  1.52171904E-03
  1.52472802E-03
  1.52704713E-03
  1.53016800E-03
  1.53299631E-03
  1.53532892E-03
  1.53826841E-03
  1.54131523E-03
  1.54416694E-03
  1.54661911E-03
  1.54948176E-03
  1.55255420E-03
  1.55491882E-03
  1.55800371E-03
  1.56099291E-03
  1.56347419E-03
  1.56647537E-03
  1.56948331E-03
  1.57187541E-03
  1.57489500E-03
  1.57781690E-03
  1.58084964E-03
  1.58326025E-03
  1.58640987E-03
  1.58935611E-03
  1.59188604E-03
  1.59494940E-03
  1.59801962E-03
  1.60045782E-03
  1.60332653E-03
  1.60652190E-03
  1.60961738E-03
  1.61196687E-03
  1.61507411E-03
  1.61797192E-03
  1.62044202E-03
  1.62345893E-03
  1.62659131E-03
  1.62907527E-03
  1.63200067E-03
  1.63526146E-03
  1.63764902E-03
  1.64070178E-03
  1.64387154E-03
  1.64682651E-03
  1.64934236E-03
  1.65241945E-03
  1.65550306E-03
  1.65792042E-03
  1.66112755E-03
  1.66422920E-03
  1.66677230E-03
  1.66977209E-03
  1.67300506E-03
  1.67601753E-03
  1.67846493E-03
  1.68148777E-03
  1.68451655E-03
  1.68697594E-03
  1.69013056E-03
  1.69352349E-03
  1.69588020E-03
  1.69893703E-03
  1.70211657E-03
  1.70460134E-03
  1.70767517E-03
  1.71110779E-03
  1.71419466E-03
  1.71657884E-03
  1.71979447E-03
  1.72277947E-03
  1.72541267E-03
  1.72852713E-03
  1.73170760E-03
  1.73423439E-03
  1.73754641E-03
  1.74062431E-03
  1.74370804E-03
  1.74619118E-03
  1.74946757E-03
  1.75275072E-03
  1.75512384E-03
  1.75823446E-03
  1.76147395E-03
  1.76422717E-03
  1.76729320E-03
  1.77036482E-03
  1.77300745E-03
  1.77627604E-03
  1.77948887E-03
  1.78258284E-03
  1.78518030E-03
  1.78834714E-03
  1.79151993E-03
  1.79431925E-03
  1.79743976E-03
  1.80082046E-03
  1.80318765E-03
  1.80638779E-03
  1.80965813E-03
  1.81299925E-03
  1.81557355E-03
  1.81879685E-03
  1.82202633E-03
  1.82461215E-03
  1.82791718E-03
  1.83109811E-03
  1.83382630E-03
  1.83701748E-03
  1.84028037E-03
  1.84295513E-03
  1.84629485E-03
  1.84944202E-03
  1.85272773E-03
  1.85548572E-03
  1.85858167E-03
  1.86195108E-03
  1.86458707E-03
  1.86790025E-03
  1.87115197E-03
  1.87379937E-03
  1.87699322E-03
  1.88046531E-03
  1.88373937E-03
  1.88626524E-03
  1.88961765E-03
  1.89297635E-03
  1.89571956E-03
  1.89901993E-03
  1.90232624E-03
  1.90494186E-03
  1.90832803E-03
  1.91151036E-03
  1.91427663E-03
  1.91760901E-03
  1.92094734E-03
  1.92407926E-03
  1.92686124E-03
  1.93007302E-03
  1.93336140E-03
  1.93622604E-03
  1.93938101E-03
  1.94282853E-03
  1.94563332E-03
  1.94894720E-03
  1.95226679E-03
  1.95544655E-03
  1.95819349E-03
  1.96167431E-03
  1.96501473E-03
  1.96769927E-03
  1.97112304E-03
  1.97433122E-03
  1.97717361E-03
  1.98053895E-03
  1.98390987E-03
  1.98661420E-03
  1.99014461E-03
  1.99338095E-03
  1.99692347E-03
  1.99956610E-03
  2.00304366E-03
  2.00629910E-03
  2.00910284E-03
  2.01251963E-03
  2.01594224E-03
  2.01867963E-03
  2.02218862E-03
  2.02570390E-03
  2.02907040E-03
  2.03182129E-03
  2.03519664E-03
  2.03865534E-03
  2.04157201E-03
  2.04488356E-03
  2.04835762E-03
  2.05112714E-03
  2.05461076E-03
  2.05817935E-03
  2.06079939E-03
  2.06421805E-03
  2.06772215E-03
  2.07115174E-03
  2.07402348E-03
  2.07738159E-03
  2.08082539E-03
  2.08378769E-03
  2.08707829E-03
  2.09069927E-03
  2.09359056E-03
  2.09705788E-03
  2.10053078E-03
  2.10409123E-03
  2.10699602E-03
  2.11040047E-03
  2.11380958E-03
  2.11689039E-03
  2.12014117E-03
  2.12381524E-03
  2.12673866E-03
  2.13017012E-03
  2.13360647E-03
  2.13653897E-03
  2.14006845E-03
  2.14343285E-03
  2.14714347E-03
  2.14991765E-03
  2.15346622E-03
  2.15710653E-03
  2.15980178E-03
  2.16345070E-03
  2.16701860E-03
  2.16980767E-03
  2.17347150E-03
  2.17687804E-03
  2.18055258E-03
  2.18335190E-03
  2.18685879E-03
  2.19045905E-03
  2.19344301E-03
  2.19687400E-03
  2.20039859E-03
  2.20321142E-03
  2.20683357E-03
  2.21055117E-03
  2.21400335E-03
  2.21709744E-03
  2.22064811E-03
  2.22429447E-03
  2.22703279E-03
  2.23077904E-03
  2.23434716E-03
  2.23727524E-03
  2.24094349E-03
  2.24461663E-03
  2.24764529E-03
  2.25123414E-03
  2.25473428E-03
  2.25833245E-03
  2.26137158E-03
  2.26488337E-03
  2.26868270E-03
  2.27154046E-03
  2.27525388E-03
  2.27897218E-03
  2.28174031E-03
  2.28546653E-03
  2.28910171E-03
  2.29274156E-03
  2.29571015E-03
  2.29926035E-03
  2.30300915E-03
  2.30588624E-03
  2.30944762E-03
  2.31320900E-03
  2.31628772E-03
  2.31986050E-03
  2.32343725E-03
  2.32642330E-03
  2.33010575E-03
  2.33379286E-03
  2.33748439E-03
  2.34057941E-03
  2.34427862E-03
  2.34798202E-03
  2.35088193E-03
  2.35469360E-03
  2.35851016E-03
  2.36141495E-03
  2.36493279E-03
  2.36845366E-03
  2.37259478E-03
  2.37529981E-03
  2.37945048E-03
  2.38277880E-03
  2.38610920E-03
  2.38985848E-03
  2.39329855E-03
  2.39674142E-03
  2.40029185E-03
  2.40384554E-03
  2.40687397E-03
  2.41053849E-03
  2.41431338E-03
  2.41809268E-03
  2.42144847E-03
  2.42523500E-03
  2.42859568E-03
  2.43206625E-03
  2.43553915E-03
  2.43923161E-03
  2.44238367E-03
  2.44651828E-03
  2.45022122E-03
  2.45403778E-03
  2.45697796E-03
  2.46080034E-03
  2.46473751E-03
  2.46768072E-03
  2.47117970E-03
  2.47535063E-03
  2.47851992E-03
  2.48213881E-03
  2.48587294E-03
  2.48915912E-03
  2.49301246E-03
  2.49686977E-03
  2.50027538E-03
  2.50379695E-03
  2.50743516E-03
  2.51153554E-03
  2.51471973E-03
  2.51836609E-03
  2.52213073E-03
  2.52543436E-03
  2.52920436E-03
  2.53309472E-03
  2.53663748E-03
  2.54018209E-03
  2.54372857E-03
  2.54774978E-03
  2.55106436E-03
  2.55473610E-03
  2.55846977E-03
  2.56184768E-03
  2.56570592E-03
  2.56968802E-03
  2.57270923E-03
  2.57669669E-03
  2.58026365E-03
  2.58437986E-03
  2.58758548E-03
  2.59128027E-03
  2.59510009E-03
  2.59849220E-03
  2.60237837E-03
  2.60632974E-03
  2.60978821E-03
  2.61337170E-03
  2.61745625E-03
  2.62110680E-03
  2.62431940E-03
  2.62853899E-03
  2.63232132E-03
  2.63566268E-03
  2.63957563E-03
  2.64355540E-03
  2.64657987E-03
  2.65069213E-03
  2.65474385E-03
  2.65789684E-03
  2.66163051E-03
  2.66588456E-03
  2.66968808E-03
  2.67303735E-03
  2.67697498E-03
  2.68091518E-03
  2.68400321E-03
  2.68807891E-03
  2.69222423E-03
  2.69537768E-03
  2.69959448E-03
  2.70334841E-03
  2.70717056E-03
  2.71059200E-03
  2.71455175E-03
  2.71851383E-03
  2.72207242E-03
  2.72563100E-03
  2.72980332E-03
  2.73302244E-03
  2.73726787E-03
  2.74103601E-03
  2.74439179E-03
  2.74878368E-03
  2.75276438E-03
  2.75674742E-03
  2.75982590E-03
  2.76395096E-03
  2.76807928E-03
  2.77136592E-03
  2.77563906E-03
  2.77942047E-03
  2.78277672E-03
  2.78670131E-03
  2.79112742E-03
  2.79512838E-03
  2.79826950E-03
  2.80241622E-03
  2.80649355E-03
  2.80977623E-03
  2.81407405E-03
  2.81786546E-03
  2.82129156E-03
  2.82522966E-03
  2.82968418E-03
  2.83274148E-03
  2.83683068E-03
  2.84092198E-03
  2.84508988E-03
  2.84836465E-03
  2.85261008E-03
  2.85693351E-03
  2.86035659E-03
  2.86423089E-03
  2.86818156E-03
  2.87182955E-03
  2.87585752E-03
  2.88004009E-03
  2.88422476E-03
  2.88748927E-03
  2.89175310E-03
  2.89563276E-03
  2.89904722E-03
  2.90347100E-03
  2.90750805E-03
  2.91052856E-03
  2.91511440E-03
  2.91931094E-03
  2.92248279E-03
  2.92675965E-03
  2.93064164E-03
  2.93492177E-03
  2.93840538E-03
  2.94244755E-03
  2.94689252E-03
  2.95045367E-03
  2.95457896E-03
  2.95870518E-03
  2.96201929E-03
  2.96630920E-03
  2.97060073E-03
  2.97448412E-03
  2.97795539E-03
  2.98241456E-03
  2.98646255E-03
  2.99001252E-03
  2.99414317E-03
