  2.98023366E-07
  6.55652400E-07
  9.53678637E-07
  1.31131264E-06
  1.66895097E-06
  1.96698875E-06
  2.32463799E-06
  2.68229496E-06
  2.98035275E-06
  3.33802700E-06
  3.63610320E-06
  3.99379860E-06
  4.35150696E-06
  4.64961795E-06
  4.94774213E-06
  5.30549232E-06
  5.66325934E-06
  6.02104456E-06
  6.31923285E-06
  6.61743888E-06
  6.97528139E-06
  7.33314573E-06
  7.63141270E-06
  7.92970150E-06
  8.28763496E-06
  8.64559570E-06
  8.94395635E-06
  9.24234246E-06
  9.60038415E-06
  9.95845585E-06
  1.03165594E-05
  1.06150601E-05
  1.09732282E-05
  1.12717908E-05
  1.16300271E-05
  1.19286560E-05
  1.22869642E-05
  1.26453115E-05
  1.29440477E-05
  1.32428204E-05
  1.36012859E-05
  1.39597942E-05
  1.42586860E-05
  1.45576178E-05
  1.49162561E-05
  1.52749417E-05
  1.55740036E-05
  1.59327847E-05
  1.62916149E-05
  1.65908168E-05
  1.69497489E-05
  1.72490472E-05
  1.76080830E-05
  1.79074832E-05
  1.82666281E-05
  1.86258312E-05
  1.89253915E-05
  1.92847110E-05
  1.95843804E-05
  1.99438182E-05
  2.02436022E-05
  2.06031636E-05
  2.09030659E-05
  2.12627565E-05
  2.15627788E-05
  2.19226004E-05
  2.22227500E-05
  2.25827062E-05
  2.29427351E-05
  2.32430830E-05
  2.36032520E-05
  2.39037363E-05
  2.42042879E-05
  2.45646752E-05
  2.49251407E-05
  2.52259088E-05
  2.55267441E-05
  2.58874406E-05
  2.62482190E-05
  2.65492836E-05
  2.68504227E-05
  2.72114448E-05
  2.75725524E-05
  2.78739317E-05
  2.81753873E-05
  2.85367496E-05
  2.88383708E-05
  2.91999113E-05
  2.95615428E-05
  2.98634186E-05
  3.01653818E-05
  3.05272879E-05
  3.08294257E-05
  3.11915210E-05
  3.15537145E-05
  3.19160063E-05
  3.22185151E-05
  3.25211149E-05
  3.28837014E-05
  3.31864903E-05
  3.34893739E-05
  3.37923484E-05
  3.41553459E-05
  3.44585205E-05
  3.48217254E-05
  3.51251001E-05
  3.54885233E-05
  3.57921053E-05
  3.61557468E-05
  3.64595398E-05
  3.67634311E-05
  3.70674279E-05
  3.74315205E-05
  3.77357319E-05
  3.80400525E-05
  3.84044906E-05
  3.87690488E-05
  3.90737077E-05
  3.94385097E-05
  3.97433978E-05
  4.00484023E-05
  4.04135681E-05
  4.07188018E-05
  4.10842222E-05
  4.13896960E-05
  4.16952898E-05
  4.20610886E-05
  4.24270220E-05
  4.27329869E-05
  4.30390719E-05
  4.33452806E-05
  4.36516129E-05
  4.40182012E-05
  4.43247918E-05
  4.46315025E-05
  4.49383442E-05
  4.52453096E-05
  4.55524059E-05
  4.59198163E-05
  4.62873722E-05
  4.65948760E-05
  4.69025144E-05
  4.72705033E-05
  4.75784145E-05
  4.78864640E-05
  4.81946481E-05
  4.85632227E-05
  4.88716905E-05
  4.91802966E-05
  4.94890446E-05
  4.98582231E-05
  5.01672621E-05
  5.04764430E-05
  5.07857694E-05
  5.11555700E-05
  5.14651947E-05
  5.18353154E-05
  5.21452457E-05
  5.24553252E-05
  5.27655538E-05
  5.30759353E-05
  5.34468600E-05
  5.37575543E-05
  5.41288136E-05
  5.43794013E-05
  5.46905612E-05
  5.50018776E-05
  5.53133505E-05
  5.56249797E-05
  5.59972432E-05
  5.63092035E-05
  5.66213239E-05
  5.69336080E-05
  5.73065736E-05
  5.76191960E-05
  5.79925181E-05
  5.83054825E-05
  5.86186143E-05
  5.89924821E-05
  5.93059631E-05
  5.96802056E-05
  5.99940358E-05
  6.03080407E-05
  6.06222202E-05
  6.09972085E-05
  6.13117445E-05
  6.16264660E-05
  6.19413549E-05
  6.21957442E-05
  6.25109824E-05
  6.28871057E-05
  6.32027150E-05
  6.35185061E-05
  6.38952260E-05
  6.42113955E-05
  6.45277541E-05
  6.47835259E-05
  6.51610317E-05
  6.54779506E-05
  6.57950513E-05
  6.61123559E-05
  6.64298423E-05
  6.67475251E-05
  6.70653972E-05
  6.73834656E-05
  6.77017306E-05
  6.80201847E-05
  6.83997496E-05
  6.86576968E-05
  6.89767476E-05
  6.92960020E-05
  6.96154530E-05
  6.99351149E-05
  7.02549733E-05
  7.05750354E-05
  7.08342923E-05
  7.11547473E-05
  7.14754206E-05
  7.17962903E-05
  7.21173783E-05
  7.24386700E-05
  7.27601800E-05
  7.30818938E-05
  7.34038258E-05
  7.37259688E-05
  7.40483301E-05
  7.43709024E-05
  7.46936930E-05
  7.50167092E-05
  7.53399363E-05
  7.56633890E-05
  7.59870527E-05
  7.63109492E-05
  7.66350640E-05
  7.69594044E-05
  7.72226776E-05
  7.75474618E-05
  7.78724643E-05
  7.81976996E-05
  7.84618096E-05
  7.87874887E-05
  7.91747734E-05
  7.94395382E-05
  7.97659086E-05
  8.00925191E-05
  8.04193623E-05
  8.07464457E-05
  8.10737620E-05
  8.13398365E-05
  8.16676184E-05
  8.19341221E-05
  8.23239025E-05
  8.25908646E-05
  8.29195997E-05
  8.31869984E-05
  8.35162064E-05
  8.38456617E-05
  8.41137371E-05
  8.44436727E-05
  8.47122064E-05
  8.50426222E-05
  8.53733000E-05
  8.57042178E-05
  8.60353975E-05
  8.63668320E-05
  8.66985210E-05
  8.70304648E-05
  8.73008830E-05
  8.75715268E-05
  8.79042273E-05
  8.81753440E-05
  8.84466863E-05
  8.87182614E-05
  8.89900693E-05
  8.93240067E-05
  8.96582133E-05
  8.99926818E-05
  9.03274267E-05
  9.06624409E-05
  9.09357259E-05
  9.12712640E-05
  9.15450510E-05
  9.18190781E-05
  9.21553947E-05
  9.24919950E-05
  9.28288719E-05
  9.31039103E-05
  9.33791962E-05
  9.37168734E-05
  9.40548343E-05
  9.43308842E-05
  9.46071887E-05
  9.49459645E-05
  9.52850241E-05
  9.55621072E-05
  9.59017198E-05
  9.61793266E-05
  9.65194995E-05
  9.67976302E-05
  9.71383706E-05
  9.74170325E-05
  9.76959491E-05
  9.79751203E-05
  9.83169812E-05
  9.85966908E-05
  9.89391265E-05
  9.92193818E-05
  9.95623923E-05
  9.98431860E-05
  1.00186793E-04
  1.00468133E-04
  1.00812322E-04
  1.01094221E-04
  1.01376383E-04
  1.01658821E-04
  1.01941521E-04
  1.02287173E-04
  1.02570433E-04
  1.02853970E-04
  1.03200524E-04
  1.03484628E-04
  1.03769009E-04
  1.04053659E-04
  1.04338593E-04
  1.04623810E-04
  1.04909297E-04
  1.05257946E-04
  1.05544015E-04
  1.05830375E-04
  1.06117011E-04
  1.06403932E-04
  1.06754123E-04
  1.07041633E-04
  1.07392458E-04
  1.07617518E-04
  1.07905893E-04
  1.08194559E-04
  1.08483517E-04
  1.08772765E-04
  1.08999149E-04
  1.09288965E-04
  1.09579065E-04
  1.09869470E-04
  1.10160167E-04
  1.10451168E-04
  1.10679175E-04
  1.10970745E-04
  1.11262612E-04
  1.11618137E-04
  1.11910631E-04
  1.12203430E-04
  1.12496535E-04
  1.12789945E-04
  1.13020193E-04
  1.13314185E-04
  1.13672002E-04
  1.13903108E-04
  1.14198039E-04
  1.14493268E-04
  1.14788818E-04
  1.15084680E-04
  1.15380855E-04
  1.15677343E-04
  1.15974151E-04
  1.16271272E-04
  1.16568706E-04
  1.16802708E-04
  1.17100761E-04
  1.17399140E-04
  1.17697833E-04
  1.17996860E-04
  1.18296201E-04
  1.18531963E-04
  1.18895863E-04
  1.19132237E-04
  1.19432858E-04
  1.19733813E-04
  1.19971075E-04
  1.20336714E-04
  1.20574587E-04
  1.20876837E-04
  1.21115307E-04
  1.21418212E-04
  1.21721445E-04
  1.22025012E-04
  1.22328929E-04
  1.22568934E-04
  1.22873491E-04
  1.23114107E-04
  1.23419333E-04
  1.23660546E-04
  1.23966427E-04
  1.24272658E-04
  1.24579237E-04
  1.24821701E-04
  1.25064485E-04
  1.25372055E-04
  1.25615450E-04
  1.25859136E-04
  1.26167710E-04
  1.26412036E-04
  1.26721294E-04
  1.26966246E-04
  1.27211490E-04
  1.27521766E-04
  1.27767664E-04
  1.28013868E-04
  1.28260377E-04
  1.28571992E-04
  1.28819142E-04
  1.29131469E-04
  1.29379274E-04
  1.29692300E-04
  1.29940745E-04
  1.30189510E-04
  1.30503584E-04
  1.30753004E-04
  1.31067791E-04
  1.31317880E-04
  1.31633380E-04
  1.31818990E-04
  1.32135188E-04
  1.32386587E-04
  1.32703499E-04
  1.32955567E-04
  1.33207941E-04
  1.33460650E-04
  1.33713678E-04
  1.34032394E-04
  1.34286107E-04
  1.34540140E-04
  1.34794522E-04
  1.35049209E-04
  1.35369730E-04
  1.35625116E-04
  1.35880837E-04
  1.36136892E-04
  1.36393282E-04
  1.36715651E-04
  1.36907067E-04
  1.37164461E-04
  1.37487921E-04
  1.37746014E-04
  1.38004456E-04
  1.38263247E-04
  1.38522359E-04
  1.38781834E-04
  1.39107535E-04
  1.39301788E-04
  1.39562282E-04
  1.39823140E-04
  1.40084318E-04
  1.40345859E-04
  1.40607750E-04
  1.40869990E-04
  1.41132579E-04
  1.41395518E-04
  1.41658806E-04
  1.41922443E-04
  1.42120174E-04
  1.42384510E-04
  1.42582867E-04
  1.42914228E-04
  1.43179612E-04
  1.43445359E-04
  1.43711470E-04
  1.43977959E-04
  1.44178281E-04
  1.44445439E-04
  1.44712976E-04
  1.44980877E-04
  1.45249127E-04
  1.45517755E-04
  1.45720056E-04
  1.46056103E-04
  1.46325838E-04
  1.46529143E-04
  1.46799590E-04
  1.47003550E-04
  1.47274695E-04
  1.47546220E-04
  1.47818122E-04
  1.48023420E-04
  1.48296036E-04
  1.48569045E-04
  1.48775332E-04
  1.49116182E-04
  1.49323168E-04
  1.49597661E-04
  1.49805317E-04
  1.50080537E-04
  1.50356136E-04
  1.50632128E-04
  1.50841166E-04
  1.51117900E-04
  1.51327593E-04
  1.51605069E-04
  1.51882938E-04
  1.52161199E-04
  1.52372304E-04
  1.52583729E-04
  1.52863096E-04
  1.53142857E-04
  1.53355330E-04
  1.53635861E-04
  1.53849018E-04
  1.54130306E-04
  1.54411988E-04
  1.54626221E-04
  1.54908674E-04
  1.55191534E-04
  1.55406844E-04
  1.55622474E-04
  1.55838454E-04
  1.56054768E-04
  1.56339505E-04
  1.56556533E-04
  1.56842070E-04
  1.57059796E-04
  1.57346120E-04
  1.57564573E-04
  1.57783375E-04
  1.58070863E-04
  1.58290379E-04
  1.58578667E-04
  1.58798910E-04
  1.59019502E-04
  1.59308984E-04
  1.59461735E-04
  1.59751988E-04
  1.59974006E-04
  1.60265059E-04
  1.60487834E-04
  1.60710944E-04
  1.60934418E-04
  1.61158241E-04
  1.61382428E-04
  1.61606964E-04
  1.61831864E-04
  1.62126074E-04
  1.62282726E-04
  1.62508688E-04
  1.62804106E-04
  1.63030825E-04
  1.63327073E-04
  1.63485369E-04
  1.63713179E-04
  1.64010635E-04
  1.64169905E-04
  1.64468162E-04
  1.64697471E-04
  1.64927158E-04
  1.65226666E-04
  1.65457124E-04
  1.65687947E-04
  1.65919148E-04
  1.66220343E-04
  1.66452315E-04
  1.66614991E-04
  1.66847676E-04
  1.67080754E-04
  1.67314211E-04
  1.67548016E-04
  1.67782215E-04
  1.67946870E-04
  1.68181796E-04
  1.68487095E-04
  1.68722821E-04
  1.68888844E-04
  1.69125284E-04
  1.69432285E-04
  1.69599327E-04
  1.69836931E-04
  1.70074927E-04
  1.70313302E-04
  1.70552055E-04
  1.70791216E-04
  1.71030755E-04
  1.71270687E-04
  1.71511012E-04
  1.71751730E-04
  1.71922235E-04
  1.72163709E-04
  1.72405562E-04
  1.72577085E-04
  1.72819709E-04
  1.73062712E-04
  1.73235268E-04
  1.73479042E-04
  1.73723223E-04
  1.73896799E-04
  1.74141722E-04
  1.74315996E-04
  1.74561705E-04
  1.74807807E-04
  1.74983128E-04
  1.75158755E-04
  1.75405992E-04
  1.75653651E-04
  1.75830341E-04
  1.76078771E-04
  1.76256144E-04
  1.76505360E-04
  1.76683432E-04
  1.76933434E-04
  1.77112219E-04
  1.77291324E-04
  1.77542475E-04
  1.77794034E-04
  1.77974231E-04
  1.78154747E-04
  1.78407485E-04
  1.78660659E-04
  1.78842267E-04
  1.79024195E-04
  1.79278548E-04
  1.79461204E-04
  1.79716357E-04
  1.79899725E-04
  1.80083443E-04
  1.80339790E-04
  1.80596558E-04
  1.80781382E-04
  1.81038966E-04
  1.81224517E-04
  1.81410403E-04
  1.81596653E-04
  1.81855838E-04
  1.82042801E-04
  1.82230127E-04
  1.82490534E-04
  1.82678588E-04
  1.82867007E-04
  1.83055759E-04
  1.83244862E-04
  1.83507291E-04
  1.83697135E-04
  1.83887329E-04
  1.84004777E-04
  1.84268793E-04
  1.84460063E-04
  1.84578414E-04
  1.84770339E-04
  1.84962613E-04
  1.85228651E-04
  1.85421683E-04
  1.85615077E-04
  1.85735291E-04
  1.85929370E-04
  1.86123798E-04
  1.86318575E-04
  1.86513716E-04
  1.86709221E-04
  1.86978927E-04
  1.87101337E-04
  1.87297934E-04
  1.87494894E-04
  1.87692232E-04
  1.87889935E-04
  1.88088001E-04
  1.88212260E-04
  1.88411010E-04
  1.88610138E-04
  1.88809630E-04
  1.88935126E-04
  1.89135317E-04
  1.89261409E-04
  1.89462284E-04
  1.89663551E-04
  1.89865168E-04
  1.89992512E-04
  1.90194842E-04
  1.90397550E-04
  1.90525810E-04
  1.90729232E-04
  1.90933017E-04
  1.91137180E-04
  1.91266721E-04
  1.91471598E-04
  1.91676852E-04
  1.91882486E-04
  1.92088526E-04
  1.92219668E-04
  1.92351086E-04
  1.92482781E-04
  1.92765627E-04
  1.92898005E-04
  1.93030661E-04
  1.93239190E-04
  1.93372456E-04
  1.93581713E-04
  1.93715619E-04
  1.93925604E-04
  1.94060136E-04
  1.94194945E-04
  1.94481952E-04
  1.94617445E-04
  1.94753244E-04
  1.94889319E-04
  1.95101849E-04
  1.95314773E-04
  1.95451837E-04
  1.95589178E-04
  1.95803193E-04
  1.95941189E-04
  1.96155961E-04
  1.96294583E-04
  1.96433510E-04
  1.96649373E-04
  1.96788940E-04
  1.97005560E-04
  1.97145768E-04
  1.97286281E-04
  1.97504021E-04
  1.97568210E-04
  1.97786649E-04
  1.97928413E-04
  1.97993329E-04
  1.98212845E-04
  1.98355498E-04
  1.98575770E-04
  1.98641734E-04
  1.98862734E-04
  1.99006652E-04
  1.99150891E-04
  1.99295420E-04
  1.99440241E-04
  1.99663089E-04
  1.99886344E-04
  2.00032227E-04
  2.00100534E-04
  2.00246970E-04
  2.00471681E-04
  2.00618771E-04
  2.00766182E-04
  2.00913884E-04
  2.01140138E-04
  2.01288523E-04
  2.01437244E-04
  2.01507864E-04
  2.01657138E-04
  2.01885225E-04
  2.02035182E-04
  2.02106836E-04
  2.02257346E-04
  2.02486932E-04
  2.02559357E-04
  2.02710828E-04
  2.02862619E-04
  2.03014715E-04
  2.03167132E-04
  2.03398959E-04
  2.03472926E-04
  2.03626289E-04
  2.03779986E-04
  2.04013340E-04
  2.04088341E-04
  2.04242999E-04
  2.04318465E-04
  2.04473705E-04
  2.04629265E-04
  2.04785145E-04
  2.04941374E-04
  2.05097909E-04
  2.05254764E-04
  2.05411940E-04
  2.05489458E-04
  2.05647244E-04
  2.05725213E-04
  2.05883582E-04
  2.06042285E-04
  2.06201308E-04
  2.06280296E-04
  2.06520344E-04
  2.06599871E-04
  2.06760145E-04
  2.06920755E-04
  2.07001023E-04
  2.07242992E-04
  2.07323799E-04
  2.07404810E-04
  2.07486039E-04
  2.07648467E-04
  2.07811216E-04
  2.07893187E-04
  2.07975376E-04
  2.08139012E-04
  2.08302998E-04
  2.08385929E-04
  2.08550526E-04
  2.08715457E-04
  2.08799160E-04
  2.08964702E-04
  2.09048885E-04
  2.09133272E-04
  2.09217877E-04
  2.09384583E-04
  2.09469683E-04
  2.09637015E-04
  2.09722610E-04
  2.09808408E-04
  2.09976643E-04
  2.10062921E-04
  2.10149432E-04
  2.10318569E-04
  2.10488070E-04
  2.10575337E-04
  2.10662824E-04
  2.10833226E-04
  2.10838451E-04
  2.11009421E-04
  2.11097838E-04
  2.11186474E-04
  2.11275328E-04
  2.11364386E-04
  2.11536841E-04
  2.11709645E-04
  2.11799488E-04
  2.11889550E-04
  2.12063285E-04
  2.12153856E-04
  2.12244646E-04
  2.12335653E-04
  2.12426894E-04
  2.12518338E-04
  2.12693863E-04
  2.12785802E-04
  2.12877989E-04
  2.12970379E-04
  2.13147126E-04
  2.13240026E-04
  2.13333158E-04
  2.13342166E-04
  2.13520078E-04
  2.13613865E-04
  2.13707870E-04
  2.13802108E-04
  2.13896550E-04
  2.14075990E-04
  2.14086132E-04
  2.14181258E-04
  2.14276602E-04
  2.14457221E-04
  2.14553089E-04
  2.14649175E-04
  2.14660220E-04
  2.14842017E-04
  2.14938787E-04
  2.15035776E-04
  2.15132968E-04
  2.15144784E-04
  2.15242384E-04
  2.15340202E-04
  2.15438238E-04
  2.15536493E-04
  2.15720982E-04
  2.15819775E-04
  2.15832653E-04
  2.15931839E-04
  2.15944950E-04
  2.16044515E-04
  2.16144297E-04
  2.16157787E-04
  2.16257962E-04
  2.16271685E-04
  2.16372238E-04
  2.16386208E-04
  2.16487126E-04
  2.16588276E-04
  2.16689659E-04
  2.16791275E-04
  2.16893139E-04
  2.16995206E-04
  2.17010151E-04
  2.17112611E-04
  2.17127817E-04
  2.17230656E-04
  2.17333727E-04
  2.17437031E-04
  2.17540568E-04
  2.17556459E-04
  2.17660374E-04
  2.17676497E-04
  2.17780791E-04
  2.17885347E-04
  2.17990120E-04
  2.18006782E-04
  2.18023502E-04
  2.18217319E-04
  2.18234374E-04
  2.18340152E-04
  2.18357425E-04
  2.18374771E-04
  2.18570000E-04
  2.18587651E-04
  2.18605390E-04
  2.18712346E-04
  2.18730303E-04
  2.18837638E-04
  2.18945206E-04
  2.18963571E-04
  2.18981993E-04
  2.19090129E-04
  2.19108784E-04
  2.19127513E-04
  2.19236172E-04
  2.19255133E-04
  2.19364199E-04
  2.19383379E-04
  2.19402646E-04
  2.19421971E-04
  2.19531750E-04
  2.19551293E-04
  2.19661451E-04
  2.19681227E-04
  2.19701091E-04
  2.19811802E-04
  2.19922731E-04
  2.19942958E-04
  2.19963273E-04
  2.19983660E-04
  2.20095302E-04
  2.20115908E-04
  2.20136601E-04
  2.20248796E-04
  2.20269692E-04
  2.20382281E-04
  2.20403410E-04
  2.20424612E-04
  2.20445872E-04
  2.20559174E-04
  2.20672708E-04
  2.20694346E-04
  2.20716072E-04
  2.20737857E-04
  2.20852089E-04
  2.20874106E-04
  2.20896181E-04
  2.21010981E-04
  2.21033290E-04
  2.21055656E-04
  2.21078080E-04
  2.21193579E-04
  2.21216251E-04
  2.21238981E-04
  2.21261769E-04
  2.21284630E-04
  2.21400987E-04
  2.21424067E-04
  2.21540831E-04
  2.21564114E-04
  2.21681272E-04
  2.21610928E-04
  2.21728391E-04
  2.21846101E-04
  2.21869894E-04
  2.21893759E-04
  2.21917697E-04
  2.22036120E-04
  2.22060276E-04
  2.22084505E-04
  2.22014103E-04
  2.22133138E-04
  2.22157556E-04
  2.22182032E-04
  2.22111514E-04
  2.22136005E-04
  2.22255825E-04
  2.22280563E-04
  2.22305331E-04
  2.22330185E-04
  2.22355098E-04
  2.22380069E-04
  2.22309303E-04
  2.22334289E-04
  2.22359347E-04
  2.22480550E-04
  2.22409639E-04
  2.22434872E-04
  2.22460178E-04
  2.22485527E-04
  2.22414383E-04
  2.22439761E-04
  2.22465198E-04
  2.22393850E-04
  2.22419301E-04
  2.22444811E-04
  2.22567483E-04
  2.22495990E-04
  2.22521659E-04
  2.22547387E-04
  2.22573173E-04
  2.22501418E-04
  2.22527218E-04
  2.22455274E-04
  2.22481089E-04
  2.22506947E-04
  2.22532864E-04
  2.22460629E-04
  2.22584844E-04
  2.22512521E-04
  2.22637042E-04
  2.22663206E-04
  2.22590752E-04
  2.22616931E-04
  2.22544273E-04
  2.22570467E-04
  2.22596704E-04
  2.22523784E-04
  2.22649294E-04
  2.22576287E-04
  2.22602626E-04
  2.22629009E-04
  2.22555725E-04
  2.22582094E-04
  2.22608520E-04
  2.22435003E-04
  2.22561401E-04
  2.22387462E-04
  2.22514049E-04
  2.22540490E-04
  2.22466479E-04
  2.22492905E-04
  2.22418676E-04
  2.22445087E-04
  2.22471543E-04
  2.22397022E-04
  2.22423463E-04
  2.22348710E-04
  2.22273797E-04
  2.22300150E-04
  2.22225004E-04
  2.22251329E-04
  2.22175950E-04
  2.22202245E-04
  2.22228584E-04
  2.22152899E-04
  2.22179209E-04
  2.22103292E-04
  2.22027185E-04
  2.22053393E-04
  2.21977039E-04
  2.22003204E-04
  2.22029412E-04
  2.21952738E-04
  2.21875889E-04
  2.21798851E-04
  2.21721639E-04
  2.21747585E-04
  2.21670110E-04
  2.21696013E-04
  2.21618277E-04
  2.21644135E-04
  2.21566122E-04
  2.21487920E-04
  2.21409544E-04
  2.21330964E-04
  2.21252209E-04
  2.21277689E-04
  2.21198628E-04
  2.21224051E-04
  2.21249502E-04
  2.21065202E-04
  2.21090479E-04
  2.21010661E-04
  2.21035880E-04
  2.20955786E-04
  2.20875489E-04
  2.20900547E-04
  2.20714282E-04
  2.20739152E-04
  2.20764065E-04
  2.20682952E-04
  2.20707778E-04
  2.20520145E-04
  2.20544782E-04
  2.20462971E-04
  2.20380927E-04
  2.20298694E-04
  2.20216229E-04
  2.20133574E-04
  2.20157730E-04
  2.20074740E-04
  2.19991533E-04
  2.20015500E-04
  2.19824477E-04
  2.19848240E-04
  2.19656504E-04
  2.19680049E-04
  2.19703623E-04
  2.19510999E-04
  2.19534340E-04
  2.19449343E-04
  2.19472597E-04
  2.19387279E-04
  2.19301728E-04
  2.19324749E-04
  2.19129914E-04
  2.19261754E-04
  2.19175519E-04
  2.18979752E-04
  2.18892921E-04
  2.18805842E-04
  2.18718531E-04
  2.18630987E-04
  2.18543180E-04
  2.18455141E-04
  2.18256726E-04
  2.18168076E-04
  2.18079178E-04
  2.17990018E-04
  2.18011250E-04
  2.18032466E-04
  2.17831926E-04
  2.17852910E-04
  2.17651628E-04
  2.17561101E-04
  2.17470297E-04
  2.17379231E-04
  2.17287932E-04
  2.17084613E-04
  2.17104520E-04
  2.17124427E-04
  2.16807952E-04
  2.16827451E-04
  2.16622182E-04
  2.16641391E-04
  2.16660585E-04
  2.16454268E-04
  2.16473185E-04
  2.16266053E-04
  2.16171524E-04
  2.16190019E-04
  2.15981665E-04
  2.15999855E-04
  2.15904351E-04
  2.15808584E-04
  2.15712527E-04
  2.15502150E-04
  2.15405395E-04
  2.15422668E-04
  2.15211039E-04
  2.15227992E-04
  2.15015520E-04
  2.15032167E-04
  2.14933811E-04
  2.14835149E-04
  2.14621003E-04
  2.14521642E-04
  2.14421976E-04
  2.14322004E-04
  2.14221727E-04
  2.14121173E-04
  2.13904292E-04
  2.13919149E-04
  2.13817664E-04
  2.13599458E-04
  2.13613777E-04
  2.13628067E-04
  2.13408654E-04
  2.13422580E-04
  2.13319378E-04
  2.13215841E-04
  2.13229374E-04
  2.13125342E-04
  2.13138657E-04
  2.12916348E-04
  2.12811356E-04
  2.12824118E-04
  2.12600440E-04
  2.12612824E-04
  2.12388215E-04
  2.12281622E-04
  2.12174695E-04
  2.11948529E-04
  2.11840787E-04
  2.11732709E-04
  2.11624298E-04
  2.11575272E-04
  2.11346662E-04
  2.11297025E-04
  2.11247199E-04
  2.10957121E-04
  2.10846527E-04
  2.10675411E-04
  2.10624275E-04
  2.10512633E-04
  2.10279904E-04
  2.10227838E-04
  2.09994032E-04
  2.09880760E-04
  2.09767124E-04
  2.09592414E-04
  2.09417180E-04
  2.09180580E-04
  2.09065198E-04
  2.09010483E-04
  2.08711179E-04
  2.08655707E-04
  2.08416313E-04
  2.08360172E-04
  2.08242433E-04
  2.08001395E-04
  2.07944278E-04
  2.07886944E-04
  2.07582634E-04
  2.07524528E-04
  2.07280696E-04
  2.07159988E-04
  2.07038887E-04
  2.06855344E-04
  2.06733399E-04
  2.06424433E-04
  2.06363751E-04
  2.06302822E-04
  2.05991906E-04
  2.05930177E-04
  2.05680437E-04
  2.05555320E-04
  2.05429795E-04
  2.05178236E-04
  2.05177523E-04
  2.04861863E-04
  2.04734475E-04
  2.04606666E-04
  2.04352036E-04
  2.04223252E-04
  2.04094031E-04
  2.03774092E-04
  2.03707314E-04
  2.03449483E-04
  2.03254589E-04
  2.03122865E-04
  2.02863041E-04
  2.02730283E-04
  2.02533105E-04
  2.02399402E-04
  2.02265262E-04
  2.02002222E-04
  2.01867035E-04
  2.01667019E-04
  2.01530856E-04
  2.01394258E-04
  2.01127958E-04
  2.00990296E-04
  2.00722599E-04
  2.00583861E-04
  2.00509618E-04
  2.00109935E-04
  2.00034687E-04
  1.99763555E-04
  1.99622184E-04
  1.99480346E-04
  1.99207163E-04
  1.99129718E-04
  1.98986396E-04
  1.98711219E-04
  1.98566762E-04
  1.98224283E-04
  1.98144538E-04
  1.98064474E-04
  1.97785805E-04
  1.97638685E-04
  1.97358546E-04
  1.97077592E-04
  1.96995068E-04
  1.96779205E-04
  1.96629277E-04
  1.96345471E-04
  1.96194364E-04
  1.96042762E-04
  1.95756773E-04
  1.95603963E-04
  1.95316446E-04
  1.95162458E-04
  1.95007960E-04
  1.94718203E-04
  1.94562483E-04
  1.94406239E-04
  1.94114240E-04
  1.93956774E-04
  1.93663189E-04
  1.93504500E-04
  1.93345273E-04
  1.92981344E-04
  1.92820778E-04
  1.92591440E-04
  1.92361389E-04
  1.92267442E-04
  1.91899133E-04
  1.91735497E-04
  1.91433966E-04
  1.91269050E-04
  1.91034720E-04
  1.90730716E-04
  1.90563864E-04
  1.90258201E-04
  1.90090039E-04
  1.89990606E-04
  1.89682600E-04
  1.89512648E-04
  1.89272541E-04
  1.88892343E-04
  1.88720296E-04
  1.88477818E-04
  1.88304490E-04
  1.88130594E-04
  1.87815866E-04
  1.87640602E-04
  1.87324142E-04
  1.87077108E-04
  1.86899793E-04
  1.86580699E-04
  1.86401987E-04
  1.86081132E-04
  1.85901008E-04
  1.85720288E-04
  1.85396857E-04
  1.85214696E-04
  1.84889475E-04
  1.84634584E-04
  1.84450284E-04
  1.84050834E-04
  1.83936616E-04
  1.83750250E-04
  1.83347845E-04
  1.83159937E-04
  1.82755408E-04
  1.82638003E-04
  1.82375792E-04
  1.82112723E-04
  1.81921205E-04
  1.81511612E-04
  1.81318494E-04
  1.81124706E-04
  1.80857503E-04
  1.80662319E-04
  1.80174626E-04
  1.80050760E-04
  1.79853261E-04
  1.79508585E-04
  1.79309543E-04
  1.79036375E-04
  1.78762333E-04
  1.78561051E-04
  1.78137852E-04
  1.77934911E-04
  1.77657319E-04
  1.77304784E-04
  1.77099428E-04
  1.76744899E-04
  1.76612302E-04
  1.76404748E-04
  1.75972848E-04
  1.75763576E-04
  1.75329333E-04
  1.75118315E-04
  1.74981542E-04
  1.74544024E-04
  1.74255489E-04
  1.73890745E-04
  1.73675595E-04
  1.73384236E-04
  1.73091932E-04
  1.72798682E-04
  1.72504486E-04
  1.72285203E-04
  1.72065163E-04
  1.71692227E-04
  1.71394291E-04
  1.71171676E-04
  1.70795509E-04
  1.70571162E-04
  1.70192827E-04
  1.69966734E-04
  1.69739869E-04
  1.69281455E-04
  1.69052713E-04
  1.68668907E-04
  1.68515617E-04
  1.68207058E-04
  1.67820035E-04
  1.67586913E-04
  1.67197650E-04
  1.66884944E-04
  1.66649086E-04
  1.66256446E-04
  1.66018755E-04
  1.65623831E-04
  1.65384292E-04
  1.65143952E-04
  1.64667159E-04
  1.64424826E-04
  1.63945384E-04
  1.63701057E-04
  1.63455887E-04
  1.62972618E-04
  1.62725439E-04
  1.62477401E-04
  1.61990276E-04
  1.61740201E-04
  1.61329983E-04
  1.61077973E-04
  1.60825090E-04
  1.60411379E-04
  1.60156545E-04
  1.59660223E-04
  1.59403280E-04
  1.59225892E-04
  1.58725685E-04
  1.58465875E-04
  1.58043622E-04
  1.57781804E-04
  1.57519069E-04
  1.57012095E-04
  1.56828450E-04
  1.56400100E-04
  1.56133276E-04
  1.55865549E-04
  1.55351823E-04
  1.55081900E-04
  1.54892972E-04
  1.54457230E-04
  1.54266556E-04
  1.53663816E-04
  1.53553527E-04
  1.53277768E-04
  1.52835797E-04
  1.52475157E-04
  1.52030450E-04
  1.51833272E-04
  1.51386062E-04
  1.51020620E-04
  1.50737324E-04
  1.50202672E-04
  1.50000633E-04
  1.49714164E-04
  1.49091429E-04
  1.48886451E-04
  1.48428517E-04
  1.48137493E-04
  1.47845451E-04
  1.47299143E-04
  1.47089275E-04
  1.46793958E-04
  1.46412844E-04
  1.45945567E-04
  1.45476763E-04
  1.45091617E-04
  1.44790465E-04
  1.44402860E-04
  1.44099511E-04
  1.43538156E-04
  1.43318117E-04
  1.42925477E-04
  1.42445497E-04
  1.42222430E-04
  1.41653421E-04
  1.41428216E-04
  1.41029144E-04
  1.40542077E-04
  1.40226999E-04
  1.39650088E-04
  1.39332449E-04
  1.39100899E-04
  1.38693911E-04
  1.38285570E-04
  1.37963420E-04
  1.37464798E-04
  1.37140174E-04
  1.36638555E-04
  1.36311442E-04
  1.35983195E-04
  1.35565497E-04
  1.35146402E-04
  1.34725924E-04
  1.34392743E-04
  1.34058428E-04
  1.33633977E-04
  1.33208116E-04
  1.32780828E-04
  1.32441506E-04
  1.32190515E-04
  1.31580047E-04
  1.31326713E-04
  1.30802728E-04
  1.30367087E-04
  1.30110333E-04
  1.29672044E-04
  1.29232285E-04
  1.28881627E-04
  1.28348343E-04
  1.27995008E-04
  1.27458479E-04
  1.27193562E-04
  1.26836443E-04
  1.26295286E-04
  1.26026949E-04
  1.25482649E-04
  1.25120176E-04
  1.24756451E-04
  1.24299389E-04
  1.23840800E-04
  1.23473030E-04
  1.23104008E-04
  1.22733705E-04
  1.22176585E-04
  1.21803452E-04
  1.21335986E-04
  1.20960147E-04
  1.20676355E-04
  1.20111101E-04
  1.19637618E-04
  1.19350065E-04
  1.18873671E-04
  1.18489726E-04
  1.18010270E-04
  1.17623546E-04
  1.17235490E-04
  1.16656847E-04
  1.16360592E-04
  1.15778545E-04
  1.15384682E-04
  1.15084680E-04
  1.14402217E-04
  1.14099486E-04
  1.13413131E-04
  1.13011869E-04
  1.12705158E-04
  1.12109134E-04
  1.11799796E-04
  1.11200243E-04
  1.10791741E-04
  1.10478504E-04
  1.09873705E-04
  1.09460831E-04
  1.09046530E-04
  1.08630811E-04
  1.08116248E-04
  1.07502390E-04
  1.07179629E-04
  1.06757863E-04
  1.06138614E-04
  1.05713640E-04
  1.05090563E-04
  1.04859289E-04
  1.04429906E-04
  1.03900282E-04
  1.03467792E-04
  1.02835656E-04
  1.02399885E-04
  1.02062004E-04
  1.01523830E-04
  1.01183243E-04
  1.00541896E-04
  1.00098427E-04
  9.97535899E-05
  9.92068963E-05
  9.87588355E-05
  9.81079647E-05
  9.77572854E-05
  9.74053764E-05
  9.68500099E-05
  9.63940329E-05
  9.60379039E-05
  9.53757772E-05
  9.49149180E-05
  9.44524727E-05
  9.40904938E-05
  9.35228018E-05
  9.30555689E-05
  9.26892681E-05
  9.20135717E-05
  9.16442004E-05
  9.12735268E-05
  9.05919878E-05
  9.01148669E-05
  8.95325866E-05
  8.91556847E-05
  8.87774586E-05
  8.80858861E-05
  8.77045022E-05
  8.70087752E-05
  8.66242117E-05
  8.61336302E-05
  8.57461855E-05
  8.52523881E-05
  8.47568954E-05
  8.41543588E-05
  8.36552790E-05
  8.30488061E-05
  8.25461175E-05
  8.21477006E-05
  8.14293671E-05
  8.09213016E-05
  8.04114752E-05
  7.98999026E-05
  7.96002787E-05
  7.89784899E-05
  7.84617878E-05
  7.78359390E-05
  7.74230430E-05
  7.70086990E-05
  7.63771313E-05
  7.59595350E-05
  7.52157721E-05
  7.47947197E-05
  7.42636184E-05
  7.36219299E-05
  7.31959080E-05
  7.28775121E-05
  7.21208344E-05
  7.15805290E-05
  7.09287197E-05
  7.04943086E-05
  7.00583842E-05
  6.94006012E-05
  6.89612643E-05
  6.81888196E-05
  6.77458738E-05
  6.73013710E-05
  6.66331980E-05
  6.61852246E-05
  6.55128388E-05
  6.50613656E-05
  6.46083208E-05
  6.39297577E-05
  6.34731769E-05
  6.27903355E-05
  6.23301967E-05
  6.17557453E-05
  6.11793148E-05
  6.06009089E-05
  6.02470100E-05
  5.95515339E-05
  5.90809250E-05
  5.83810615E-05
  5.77928004E-05
  5.73166944E-05
  5.66101808E-05
  5.62449350E-05
  5.55341503E-05
  5.49358665E-05
  5.45657676E-05
  5.38484164E-05
  5.33596176E-05
  5.26377298E-05
  5.21451366E-05
  5.16508226E-05
  5.09222555E-05
  5.05405696E-05
  4.98075824E-05
  4.93057705E-05
  4.88022088E-05
  4.80624331E-05
  4.76723944E-05
  4.71633575E-05
  4.62991120E-05
  4.57859423E-05
  4.51527776E-05
  4.46358317E-05
  4.42356868E-05
  4.34777394E-05
  4.30741711E-05
  4.23116107E-05
  4.17255142E-05
  4.12569789E-05
  4.05472274E-05
  4.00150129E-05
  3.92405673E-05
  3.87644395E-05
  3.82866456E-05
  3.74448027E-05
  3.69630579E-05
  3.62978353E-05
  3.58124125E-05
  3.52644965E-05
  3.45319604E-05
  3.40409279E-05
  3.34259639E-05
  3.27476519E-05
  3.21896296E-05
  3.14454119E-05
  3.08831950E-05
  3.03190227E-05
  2.96294311E-05
  2.90611224E-05
  2.83669615E-05
  2.79185733E-05
  2.73443220E-05
  2.65813160E-05
  2.60027500E-05
  2.52972477E-05
  2.47770131E-05
  2.42549668E-05
  2.35427560E-05
  2.28909685E-05
  2.21739265E-05
  2.16437129E-05
  2.10484432E-05
  2.03244726E-05
  1.97882709E-05
  1.89325365E-05
  1.83920547E-05
  1.78496921E-05
  1.71138672E-05
  1.64394605E-05
  1.60190266E-05
  1.52761877E-05
  1.47236669E-05
  1.39115982E-05
  1.34193033E-05
  1.28606662E-05
  1.20411351E-05
  1.14781633E-05
  1.07183532E-05
  1.00209827E-05
  9.45156080E-06
  8.68427287E-06
  8.11054997E-06
  7.40379255E-06
  6.69458404E-06
  6.11440873E-06
  5.40049859E-06
  4.81605957E-06
  3.96524047E-06
  3.44248042E-06
  2.85158853E-06
  2.12578357E-06
  1.46400600E-06
  9.99914960E-07
  1.33553016E-07
  4.68246100E-07
  1.13914200E-06
  1.67811720E-06
  2.28620388E-06
  3.03111665E-06
  3.71114038E-06
  4.39352470E-06
  5.01056775E-06
  5.62975129E-06
  6.52286826E-06
  7.14683028E-06
  7.90932336E-06
  8.60616183E-06
  9.23699736E-06
  1.00071029E-05
  1.05739009E-05
  1.14177856E-05
  1.19889983E-05
  1.26312107E-05
  1.34830798E-05
  1.40608536E-05
  1.46406273E-05
  1.54309309E-05
  1.60150921E-05
  1.68802817E-05
  1.74689849E-05
  1.80597235E-05
  1.88628710E-05
  1.94580771E-05
  2.04071821E-05
  2.10071339E-05
  2.16091612E-05
  2.25669755E-05
  2.31029317E-05
  2.39956935E-05
  2.46070958E-05
  2.51493675E-05
  2.60503530E-05
  2.65970011E-05
  2.74320228E-05
  2.81264511E-05
  2.87514085E-05
  2.97385450E-05
  3.02963363E-05
  3.09283096E-05
  3.17072409E-05
  3.23438398E-05
  3.32005802E-05
  3.38419777E-05
  3.44855907E-05
  3.54235708E-05
  3.60721569E-05
  3.67962784E-05
  3.75229101E-05
  3.81049394E-05
  3.89837332E-05
  3.97179465E-05
  4.04547027E-05
  4.11940091E-05
  4.17874398E-05
  4.26059669E-05
  4.34273425E-05
  4.43261924E-05
  4.48544051E-05
  4.54593028E-05
  4.64414006E-05
  4.70511368E-05
  4.77382600E-05
  4.86540412E-05
  4.92707550E-05
  5.01166905E-05
  5.08138946E-05
  5.15135034E-05
  5.23677481E-05
  5.31487167E-05
  5.39323919E-05
  5.46422561E-05
  5.53545724E-05
  5.61461493E-05
  5.68635223E-05
  5.78917025E-05
  5.84601548E-05
  5.91078970E-05
  6.00678650E-05
  6.07206202E-05
  6.16089674E-05
  6.23445521E-05
  6.30826762E-05
  6.38233396E-05
  6.46449189E-05
  6.53123498E-05
  6.61393424E-05
  6.69692090E-05
  6.78019496E-05
  6.85585110E-05
  6.92384638E-05
  7.01588215E-05
  7.08438820E-05
  7.17702278E-05
  7.24604179E-05
  7.30730317E-05
  7.40881660E-05
  7.47859085E-05
  7.57271919E-05
  7.65106961E-05
  7.72162239E-05
  7.81666458E-05
  7.88774560E-05
  7.97529428E-05
  8.05501986E-05
  8.11873542E-05
  8.22345391E-05
  8.28767661E-05
  8.37668049E-05
  8.44958704E-05
  8.52274316E-05
  8.62084926E-05
  8.68630450E-05
  8.75198093E-05
  8.85099507E-05
  8.91717864E-05
  9.01682433E-05
  9.09184309E-05
  9.15877827E-05
  9.25936401E-05
  9.32681432E-05
  9.41965482E-05
  9.49601235E-05
  9.57263110E-05
  9.66638036E-05
  9.73510541E-05
  9.83792561E-05
  9.90717963E-05
  9.97666793E-05
  1.00804435E-04
  1.01589954E-04
  1.02549064E-04
  1.03169063E-04
  1.04048435E-04
  1.05016778E-04
  1.05644125E-04
  1.06446067E-04
  1.07509994E-04
  1.08231339E-04
  1.09128596E-04
  1.09855151E-04
  1.10584166E-04
  1.11577327E-04
  1.12399168E-04
  1.13398928E-04
  1.14051283E-04
  1.14881586E-04
  1.15802781E-04
  1.16638941E-04
  1.17654730E-04
  1.18496959E-04
  1.19164630E-04
  1.20190067E-04
  1.21040961E-04
  1.22073223E-04
  1.22840895E-04
  1.23521604E-04
  1.24473765E-04
  1.25339327E-04
  1.26027691E-04
  1.27079329E-04
  1.27772975E-04
  1.28831278E-04
  1.29620996E-04
  1.30322442E-04
  1.31299530E-04
  1.32097455E-04
  1.33080976E-04
  1.33884649E-04
  1.34691029E-04
  1.35684095E-04
  1.36496295E-04
  1.37495896E-04
  1.38313961E-04
  1.39134776E-04
  1.40144082E-04
  1.40970820E-04
  1.41986777E-04
  1.42819466E-04
  1.43748533E-04
  1.44774545E-04
  1.45428377E-04
  1.46272563E-04
  1.47213883E-04
  1.48063977E-04
  1.49106243E-04
  1.49962449E-04
  1.50726526E-04
  1.51778760E-04
  1.52643857E-04
  1.53703033E-04
  1.54478606E-04
  1.55256770E-04
  1.56325885E-04
  1.57206086E-04
  1.58282273E-04
  1.59072122E-04
  1.59767733E-04
  1.60853844E-04
  1.61749223E-04
  1.62745069E-04
  1.63646706E-04
  1.64453566E-04
  1.65459132E-04
  1.66271755E-04
  1.67185470E-04
  1.68200844E-04
  1.68923405E-04
  1.69945197E-04
  1.70871339E-04
  1.71800624E-04
  1.72932152E-04
  1.73668639E-04
  1.74807254E-04
  1.75449197E-04
  1.76394111E-04
  1.77442751E-04
  1.78293572E-04
  1.79349037E-04
  1.80205927E-04
  1.80964358E-04
  1.82131262E-04
  1.82997115E-04
  1.83967757E-04
  1.84839577E-04
  1.85714307E-04
  1.86796940E-04
  1.87575191E-04
  1.88458886E-04
  1.89551734E-04
  1.90545034E-04
  1.91541709E-04
  1.92438019E-04
  1.93337328E-04
  1.94447886E-04
  1.95249275E-04
  1.96471417E-04
  1.97278830E-04
  1.98088877E-04
  1.99217044E-04
  2.00032970E-04
  2.01168295E-04
  2.01990173E-04
  2.03026721E-04
  2.04066775E-04
  2.05003947E-04
  2.06050885E-04
  2.06994519E-04
  2.07941295E-04
  2.08998506E-04
  2.09951817E-04
  2.11015999E-04
  2.11975901E-04
  2.12830870E-04
  2.14013635E-04
  2.14766260E-04
  2.15738793E-04
  2.16932560E-04
  2.17802808E-04
  2.18894755E-04
  2.19880778E-04
  2.20760208E-04
  2.22082832E-04
  2.23299794E-04
  2.24078874E-04
  2.25081880E-04
  2.26088232E-04
  2.26986755E-04
  2.28222445E-04
  2.29239144E-04
  2.29923637E-04
  2.30946447E-04
  2.32084974E-04
  2.33227387E-04
  2.33922634E-04
  2.35184925E-04
  2.36338383E-04
  2.36928536E-04
  2.38088716E-04
  2.39252840E-04
  2.40078545E-04
  2.41135582E-04
  2.42196140E-04
  2.43375063E-04
  2.44097799E-04
  2.45399162E-04
  2.46473996E-04
  2.47205142E-04
  2.48286437E-04
  2.49487610E-04
  2.50227022E-04
  2.51318765E-04
  2.52647995E-04
  2.53396021E-04
  2.54615938E-04
  2.55722349E-04
  2.57068285E-04
  2.57710082E-04
  2.58827175E-04
  2.60066648E-04
  2.60834902E-04
  2.61962792E-04
  2.63273454E-04
  2.63990718E-04
  2.65189388E-04
  2.66151968E-04
  2.67478608E-04
  2.68146745E-04
  2.69299984E-04
  2.70517630E-04
  2.71314842E-04
  2.72600679E-04
  2.73769110E-04
  2.74392194E-04
  2.75628525E-04
  2.76869017E-04
  2.77745305E-04
  2.78870430E-04
  2.79999280E-04
  2.81255459E-04
  2.82020599E-04
  2.83346337E-04
  2.84490146E-04
  2.85201677E-04
  2.86601862E-04
  2.87631585E-04
  2.88476585E-04
  2.89826596E-04
  2.90929514E-04
  2.92162178E-04
  2.92893383E-04
  2.93943333E-04
  2.95313977E-04
  2.96053389E-04
  2.97240971E-04
  2.98496336E-04
  2.99308042E-04
  3.00699205E-04
  3.01902415E-04
  3.02594504E-04
  3.03933717E-04
  3.05212801E-04
  3.06366652E-04
  3.07264563E-04
  3.08490504E-04
  3.09720519E-04
  3.10366653E-04
  3.11669137E-04
  3.12844786E-04
  3.13827069E-04
  3.15075944E-04
  3.16130929E-04
  3.17520055E-04
  3.18184670E-04
  3.19648185E-04
  3.20850464E-04
  3.21723172E-04
  3.22865817E-04
  3.24213179E-04
  3.25028028E-04
  3.26316076E-04
  3.27608461E-04
  3.28229595E-04
  3.29596893E-04
  3.30833136E-04
  3.32073454E-04
  3.32909112E-04
  3.34293291E-04
  3.35408520E-04
  3.36390163E-04
  3.37649632E-04
  3.38982092E-04
  3.39629099E-04
  3.41038161E-04
  3.42313462E-04
  3.43801250E-04
  3.44389642E-04
  3.45816021E-04
  3.47177382E-04
  3.47913097E-04
  3.49212089E-04
  3.50515358E-04
  3.51329683E-04
  3.52781790E-04
  3.54026502E-04
  3.54778895E-04
  3.56101722E-04
  3.57500190E-04
  3.58903344E-04
  3.59595986E-04
  3.60935373E-04
  3.62279214E-04
  3.63123632E-04
  3.64547421E-04
  3.65759159E-04
  3.66540131E-04
  3.68049077E-04
  3.69199406E-04
  3.70644964E-04
  3.71583970E-04
  3.72818526E-04
  3.74130439E-04
  3.75078962E-04
  3.76472337E-04
  3.77648772E-04
  3.78458906E-04
  3.79716133E-04
  3.81126039E-04
  3.82019236E-04
  3.83512059E-04
  3.84785526E-04
  3.86063039E-04
  3.86969041E-04
  3.88404558E-04
  3.89618508E-04
  3.90685047E-04
  3.91982059E-04
  3.93283262E-04
  3.94208153E-04
  3.95364361E-04
  3.96906282E-04
  3.98223667E-04
  3.99161479E-04
  4.00563411E-04
  4.01738682E-04
  4.02840320E-04
  4.04100079E-04
  4.05441417E-04
  4.06398263E-04
  4.07591520E-04
  4.09100874E-04
  4.09989152E-04
  4.11350338E-04
  4.12794558E-04
  4.14243550E-04
  4.14986687E-04
  4.16522758E-04
  4.17905394E-04
  4.18815674E-04
  4.20046912E-04
  4.21521399E-04
  4.22360841E-04
  4.23683319E-04
  4.25090344E-04
  4.26582439E-04
  4.27353225E-04
  4.28934407E-04
  4.30277811E-04
  4.31219349E-04
  4.32733155E-04
  4.33925656E-04
  4.35039983E-04
  4.36403352E-04
  4.37853159E-04
  4.38567018E-04
  4.40024596E-04
  4.41569544E-04
  4.42953955E-04
  4.43927653E-04
  4.45319951E-04
  4.46633290E-04
  4.47699975E-04
  4.49104671E-04
  4.50429885E-04
  4.51422704E-04
  4.52671113E-04
  4.54261230E-04
  4.55602596E-04
  4.56608686E-04
  4.58042690E-04
  4.59566509E-04
  4.60411859E-04
  4.62029711E-04
  4.63481294E-04
  4.64163575E-04
  4.65708901E-04
  4.67345701E-04
  4.68641578E-04
  4.69594379E-04
  4.71071253E-04
  4.72552871E-04
  4.73427848E-04
  4.75005101E-04
  4.76412039E-04
  4.77295805E-04
  4.78886621E-04
  4.80217685E-04
  4.81287221E-04
  4.82803211E-04
  4.84235090E-04
  4.85760538E-04
  4.86576493E-04
  4.88199672E-04
  4.89648723E-04
  4.90652805E-04
  4.92109917E-04
  4.93391010E-04
  4.94585314E-04
  4.95964428E-04
  4.97529574E-04
  4.99008631E-04
  4.99944377E-04
  5.01523027E-04
  5.02923212E-04
  5.03960007E-04
  5.05460019E-04
  5.06964803E-04
  5.07918943E-04
  5.09524660E-04
  5.10949583E-04
  5.12006169E-04
  5.13345585E-04
  5.14969754E-04
  5.16411557E-04
  5.17387583E-04
  5.18931367E-04
  5.20479982E-04
  5.21560200E-04
  5.23022609E-04
  5.24394389E-04
  5.25484327E-04
  5.27054654E-04
  5.28629869E-04
  5.30018180E-04
  5.31025929E-04
  5.32517966E-04
  5.34111226E-04
  5.35031664E-04
  5.36633423E-04
  5.38142922E-04
  5.39169705E-04
  5.40785084E-04
  5.42307622E-04
  5.43344126E-04
  5.44874987E-04
  5.46311843E-04
  5.47950680E-04
  5.49099466E-04
  5.50549012E-04
  5.52201760E-04
  5.53261489E-04
  5.54723490E-04
  5.56089624E-04
  5.57258900E-04
  5.58733067E-04
  5.60312532E-04
  5.61896828E-04
  5.62979316E-04
  5.64369140E-04
  5.66170027E-04
  5.67262701E-04
  5.68766904E-04
  5.70480654E-04
  5.71377983E-04
  5.72894816E-04
  5.74622478E-04
  5.75424812E-04
  5.77057712E-04
  5.78799576E-04
  5.80234511E-04
  5.81360422E-04
  5.82907582E-04
  5.84564172E-04
  5.85805450E-04
  5.87260642E-04
  5.89036790E-04
  5.89866017E-04
  5.91545249E-04
  5.93229663E-04
  5.94919256E-04
  5.95973223E-04
  5.97457692E-04
  5.99161081E-04
  6.00009284E-04
  6.01721287E-04
  6.03330496E-04
  6.04403089E-04
  6.06020738E-04
  6.07643218E-04
  6.08725299E-04
  6.10246963E-04
  6.11992204E-04
  6.13633078E-04
  6.14618359E-04
  6.16267498E-04
  6.17811107E-04
  6.18915714E-04
  6.20578299E-04
  6.22245832E-04
  6.23248692E-04
  6.25036657E-04
  6.26605935E-04
  6.28179696E-04
  6.29420043E-04
  6.30889321E-04
  6.32702140E-04
  6.33726420E-04
  6.35435048E-04
  6.37148856E-04
  6.38182275E-04
  6.40019425E-04
  6.41632651E-04
  6.42790343E-04
  6.44527259E-04
  6.46269356E-04
  6.47785026E-04
  6.48840272E-04
  6.50596106E-04
  6.52240531E-04
  6.53421914E-04
  6.54957606E-04
  6.56732533E-04
  6.57923985E-04
  6.59708399E-04
  6.61143102E-04
  6.62937528E-04
  6.64142892E-04
  6.65708387E-04
  6.67457527E-04
  6.68672961E-04
  6.70431182E-04
  6.71954069E-04
  6.73119270E-04
  6.74770446E-04
  6.76547468E-04
  6.77540433E-04
  6.79387071E-04
  6.81056408E-04
  6.82730402E-04
  6.83918828E-04
  6.85478444E-04
  6.87288586E-04
  6.88425091E-04
  6.90120738E-04
  6.91821275E-04
  6.92904869E-04
  6.94738352E-04
  6.96327421E-04
  6.97983429E-04
  6.99267432E-04
  7.01057725E-04
  7.02664023E-04
  7.03832135E-04
  7.05446117E-04
  7.07255094E-04
  7.08496373E-04
  7.10123160E-04
  7.12010311E-04
  7.13005313E-04
  7.14965980E-04
  7.16546027E-04
  7.18388648E-04
  7.19524454E-04
  7.21246412E-04
  7.22908124E-04
  7.24248413E-04
  7.25787715E-04
  7.27658626E-04
  7.28878251E-04
  7.30626984E-04
  7.32446671E-04
  7.34073110E-04
  7.35504960E-04
  7.37206079E-04
  7.38911796E-04
  7.40021118E-04
  7.41801749E-04
  7.43721612E-04
  7.44907185E-04
  7.46701844E-04
  7.48433929E-04
  7.49560888E-04
  7.51436921E-04
  7.53182219E-04
  7.54864013E-04
  7.56208203E-04
  7.57829635E-04
  7.59730174E-04
  7.60947121E-04
  7.62649812E-04
  7.64426310E-04
  7.65791221E-04
  7.67437334E-04
  7.69366743E-04
  7.71091960E-04
  7.72401225E-04
  7.73994194E-04
  7.75943277E-04
  7.77121342E-04
  7.78867572E-04
  7.80618459E-04
  7.82018411E-04
  7.83635245E-04
  7.85541954E-04
  7.86809367E-04
  7.88581732E-04
  7.90502876E-04
  7.92357314E-04
  7.93565821E-04
  7.95356464E-04
  7.97151879E-04
  7.98514928E-04
  8.00172857E-04
  8.02127761E-04
  8.03354254E-04
  8.05171439E-04
  8.06993456E-04
  8.08894401E-04
  8.10207566E-04
  8.11894657E-04
  8.13660445E-04
  8.14982748E-04
  8.16906337E-04
  8.18610250E-04
  8.19867011E-04
  8.21653695E-04
  8.23520648E-04
  8.24937888E-04
  8.26661882E-04
  8.28618649E-04
  8.30504519E-04
  8.31859768E-04
  8.33754544E-04
  8.35500599E-04
  8.36788444E-04
  8.38851265E-04
  8.40687600E-04
  8.41907400E-04
  8.43829650E-04
  8.45600967E-04
  8.47611518E-04
  8.48764903E-04
  8.50705896E-04
  8.52652185E-04
  8.53892532E-04
  8.55768449E-04
  8.57569801E-04
  8.59057298E-04
  8.60946777E-04
  8.62761168E-04
  8.64098954E-04
  8.65921320E-04
  8.67828901E-04
  8.69822223E-04
  8.71092023E-04
  8.72850767E-04
  8.74939375E-04
  8.76136241E-04
  8.78070714E-04
  8.80092382E-04
  8.81379528E-04
  8.83245433E-04
  8.85116111E-04
  8.86991445E-04
  8.88373354E-04
  8.90173775E-04
  8.92228854E-04
  8.93452961E-04
  8.95349367E-04
  8.97334714E-04
  8.98735307E-04
  9.00560699E-04
  9.02559899E-04
  9.04564396E-04
  9.05807887E-04
  9.07906389E-04
  9.09668277E-04
  9.11176961E-04
  9.13118303E-04
  9.14892182E-04
  9.16238001E-04
  9.18365549E-04
  9.20238264E-04
  9.21418890E-04
  9.23473563E-04
  9.25533706E-04
  9.27423767E-04
  9.28790658E-04
  9.30776703E-04
  9.32502619E-04
  9.34055017E-04
  9.35965625E-04
  9.37880890E-04
  9.39354359E-04
  9.41188249E-04
  9.43205901E-04
  9.45318607E-04
  9.46534972E-04
  9.48566187E-04
  9.50602582E-04
  9.51917085E-04
  9.54053132E-04
  9.56012169E-04
  9.57518118E-04
  9.59577388E-04
  9.61457787E-04
  9.62788821E-04
  9.64768929E-04
  9.66939435E-04
  9.69022629E-04
  9.70365480E-04
  9.72270558E-04
  9.74367373E-04
  9.75718198E-04
  9.77729680E-04
  9.79840406E-04
  9.81199439E-04
  9.83129372E-04
  9.85063612E-04
  9.87097737E-04
  9.88658750E-04
  9.90509870E-04
  9.92749468E-04
  9.93935158E-04
  9.95990704E-04
  9.98051255E-04
  9.99437296E-04
  1.00150623E-03
  1.00348261E-03
  1.00487657E-03
  1.00686064E-03
  1.00904587E-03
  1.01094099E-03
  1.01244485E-03
  1.01444626E-03
  1.01655163E-03
  1.01796491E-03
  1.02017866E-03
  1.02209777E-03
  1.02341862E-03
  1.02544518E-03
  1.02757709E-03
  1.02951215E-03
  1.03104557E-03
  1.03298784E-03
  1.03513815E-03
  1.03657844E-03
  1.03873748E-03
  1.04079908E-03
  1.04235054E-03
  1.04442029E-03
  1.04649493E-03
  1.04795152E-03
  1.05003419E-03
  1.05201721E-03
  1.05410919E-03
  1.05557684E-03
  1.05778198E-03
  1.05978176E-03
  1.06136315E-03
  1.06347643E-03
  1.06559449E-03
  1.06707856E-03
  1.06899126E-03
  1.07122888E-03
  1.07336475E-03
  1.07475230E-03
  1.07700401E-03
  1.07893674E-03
  1.08043943E-03
  1.08248740E-03
  1.08464889E-03
  1.08615961E-03
  1.08811015E-03
  1.09039433E-03
  1.09180273E-03
  1.09387492E-03
  1.09606213E-03
  1.09803258E-03
  1.09956157E-03
  1.10165018E-03
  1.10374333E-03
  1.10516790E-03
  1.10749342E-03
  1.10959902E-03
  1.11114385E-03
  1.11325702E-03
  1.11548847E-03
  1.11749710E-03
  1.11905287E-03
  1.12118293E-03
  1.12331763E-03
  1.12488121E-03
  1.12713897E-03
  1.12951780E-03
  1.13085785E-03
  1.13301305E-03
  1.13517267E-03
  1.13675219E-03
  1.13880238E-03
  1.14120939E-03
  1.14338659E-03
  1.14485924E-03
  1.14716252E-03
  1.14923343E-03
  1.15089142E-03
  1.15302915E-03
  1.15523115E-03
  1.15677749E-03
  1.15910766E-03
  1.16120186E-03
  1.16330013E-03
  1.16479571E-03
  1.16702239E-03
  1.16931472E-03
  1.17069483E-03
  1.17281126E-03
  1.17505470E-03
  1.17680989E-03
  1.17887626E-03
  1.18094648E-03
  1.18258561E-03
  1.18484942E-03
  1.18705560E-03
  1.18914107E-03
  1.19072804E-03
  1.19288289E-03
  1.19504193E-03
  1.19682553E-03
  1.19892869E-03
  1.20129029E-03
  1.20270008E-03
  1.20494189E-03
  1.20725238E-03
  1.20956777E-03
  1.21111423E-03
  1.21330819E-03
  1.21550646E-03
  1.21705898E-03
  1.21932942E-03
  1.22147368E-03
  1.22316321E-03
  1.22531422E-03
  1.22753519E-03
  1.22916594E-03
  1.23146013E-03
  1.23362627E-03
  1.23586296E-03
  1.23763678E-03
  1.23974716E-03
  1.24212960E-03
  1.24377687E-03
  1.24603265E-03
  1.24829286E-03
  1.24987890E-03
  1.25201000E-03
  1.25441758E-03
  1.25662517E-03
  1.25808246E-03
  1.26043370E-03
  1.26278971E-03
  1.26445910E-03
  1.26668427E-03
  1.26898312E-03
  1.27058930E-03
  1.27289514E-03
  1.27506524E-03
  1.27681752E-03
  1.27913489E-03
  1.28145679E-03
  1.28357054E-03
  1.28533272E-03
  1.28752342E-03
  1.28978945E-03
  1.29162986E-03
  1.29375933E-03
  1.29618007E-03
  1.29795622E-03
  1.30024028E-03
  1.30252854E-03
  1.30467536E-03
  1.30638783E-03
  1.30883290E-03
  1.31106284E-03
  1.31270802E-03
  1.31509150E-03
  1.31725764E-03
  1.31905638E-03
  1.32137700E-03
  1.32370170E-03
  1.32535782E-03
  1.32776413E-03
  1.32994947E-03
  1.33243983E-03
  1.33402809E-03
  1.33645022E-03
  1.33864896E-03
  1.34039391E-03
  1.34267448E-03
  1.34495902E-03
  1.34663272E-03
  1.34907733E-03
  1.35152647E-03
  1.35382544E-03
  1.35542906E-03
  1.35773362E-03
  1.36012014E-03
  1.36196287E-03
  1.36419944E-03
  1.36651809E-03
  1.36820890E-03
  1.37061265E-03
  1.37310009E-03
  1.37463689E-03
  1.37697149E-03
  1.37938990E-03
  1.38173241E-03
  1.38351531E-03
  1.38578319E-03
  1.38813537E-03
  1.39000453E-03
  1.39220036E-03
  1.39472552E-03
  1.39651902E-03
  1.39888772E-03
  1.40126015E-03
  1.40371884E-03
  1.40552013E-03
  1.40781980E-03
  1.41012284E-03
  1.41209562E-03
  1.41423719E-03
  1.41680078E-03
  1.41861197E-03
  1.42092991E-03
  1.42325123E-03
  1.42506720E-03
  1.42747886E-03
  1.42972392E-03
  1.43239950E-03
  1.43405132E-03
  1.43647660E-03
  1.43899210E-03
  1.44056056E-03
  1.44308200E-03
  1.44552079E-03
  1.44726608E-03
  1.44979823E-03
  1.45207159E-03
  1.45461166E-03
  1.45636254E-03
  1.45882077E-03
  1.46137155E-03
  1.46321533E-03
  1.46550522E-03
  1.46797695E-03
  1.46964553E-03
  1.47212262E-03
  1.47469377E-03
  1.47699798E-03
  1.47894258E-03
  1.48134248E-03
  1.48383679E-03
  1.48542097E-03
  1.48801215E-03
  1.49042392E-03
  1.49219378E-03
  1.49470288E-03
  1.49730849E-03
  1.49917486E-03
  1.50160072E-03
  1.50402996E-03
  1.50655629E-03
  1.50842837E-03
  1.51077192E-03
  1.51349651E-03
  1.51518313E-03
  1.51772448E-03
  1.52036489E-03
  1.52205385E-03
  1.52470032E-03
  1.52715901E-03
  1.52971735E-03
  1.53150607E-03
  1.53397303E-03
  1.53663766E-03
  1.53842929E-03
  1.54090463E-03
  1.54348125E-03
  1.54537347E-03
  1.54775858E-03
  1.55024545E-03
  1.55214057E-03
  1.55473175E-03
  1.55732653E-03
  1.55982526E-03
  1.56172540E-03
  1.56422891E-03
  1.56683649E-03
  1.56853755E-03
  1.57115003E-03
  1.57386810E-03
  1.57567265E-03
  1.57798768E-03
  1.58040738E-03
  1.58334395E-03
  1.58484187E-03
  1.58778543E-03
  1.58990454E-03
  1.59202446E-03
  1.59466697E-03
  1.59689470E-03
  1.59922871E-03
  1.60167005E-03
  1.60400814E-03
  1.60592515E-03
  1.60847837E-03
  1.61103462E-03
  1.61359389E-03
  1.61572825E-03
  1.61840010E-03
  1.62064505E-03
  1.62299920E-03
  1.62535533E-03
  1.62782171E-03
  1.62974605E-03
  1.63265259E-03
  1.63523562E-03
  1.63782155E-03
  1.63952960E-03
  1.64211914E-03
  1.64493336E-03
  1.64675224E-03
  1.64901512E-03
  1.65194937E-03
  1.65399245E-03
  1.65648467E-03
  1.65909203E-03
  1.66125025E-03
  1.66386215E-03
  1.66647695E-03
  1.66875287E-03
  1.67102972E-03
  1.67342217E-03
  1.67627609E-03
  1.67821196E-03
  1.68060919E-03
  1.68324006E-03
  1.68529234E-03
  1.68792740E-03
  1.69056514E-03
  1.69285387E-03
  1.69514352E-03
  1.69743400E-03
  1.70031691E-03
  1.70237350E-03
  1.70484593E-03
  1.70737971E-03
  1.70955679E-03
  1.71215378E-03
  1.71487359E-03
  1.71669130E-03
  1.71947537E-03
  1.72183802E-03
  1.72474945E-03
  1.72674924E-03
  1.72923785E-03
  1.73178932E-03
  1.73391169E-03
  1.73658959E-03
  1.73927005E-03
  1.74151838E-03
  1.74389139E-03
  1.74670271E-03
  1.74914149E-03
  1.75114139E-03
  1.75414840E-03
  1.75671745E-03
  1.75884448E-03
  1.76147942E-03
  1.76418026E-03
  1.76598842E-03
  1.76882010E-03
  1.77165517E-03
  1.77359022E-03
  1.77604088E-03
  1.77907664E-03
  1.78166118E-03
  1.78379053E-03
  1.78650802E-03
  1.78916228E-03
  1.79096265E-03
  1.79375068E-03
  1.79660763E-03
  1.79853779E-03
  1.80153176E-03
  1.80406182E-03
  1.80666009E-03
  1.80878944E-03
  1.81145687E-03
  1.81419367E-03
  1.81645830E-03
  1.81879045E-03
  1.82166800E-03
  1.82359095E-03
  1.82654033E-03
  1.82908052E-03
  1.83113851E-03
  1.83423271E-03
  1.83691469E-03
  1.83966802E-03
  1.84144604E-03
  1.84427085E-03
  1.84709812E-03
  1.84908265E-03
  1.85205380E-03
  1.85460318E-03
  1.85672694E-03
  1.85934792E-03
  1.86247029E-03
  1.86516659E-03
  1.86700176E-03
  1.86984288E-03
  1.87268644E-03
  1.87466189E-03
  1.87765295E-03
  1.88013655E-03
  1.88232749E-03
  1.88495731E-03
  1.88810343E-03
  1.88985060E-03
  1.89263013E-03
  1.89548591E-03
  1.89834367E-03
  1.90030714E-03
  1.90331670E-03
  1.90632918E-03
  1.90851558E-03
  1.91107800E-03
  1.91379245E-03
  1.91612775E-03
  1.91884337E-03
  1.92171312E-03
  1.92458485E-03
  1.92653504E-03
  1.92948536E-03
  1.93205080E-03
  1.93415047E-03
  1.93725992E-03
  1.93998229E-03
  1.94168696E-03
  1.94495812E-03
  1.94783940E-03
  1.94969482E-03
  1.95265596E-03
  1.95522187E-03
  1.95818627E-03
  1.96035299E-03
  1.96307898E-03
  1.96620775E-03
  1.96845178E-03
  1.97126064E-03
  1.97407021E-03
  1.97606697E-03
  1.97903998E-03
  1.98201509E-03
  1.98449893E-03
  1.98665238E-03
  1.98979490E-03
  1.99252600E-03
  1.99475838E-03
  1.99757214E-03
