  1.00000005E-03 -0.99900001     -0.99899948    
  2.00000009E-03 -0.99799901     -0.99799800    
  3.00000003E-03 -0.99699700     -0.99699551    
  4.00000019E-03 -0.99599403     -0.99599206    
  5.00000035E-03 -0.99499005     -0.99498761    
  6.00000052E-03 -0.99398512     -0.99398214    
  7.00000022E-03 -0.99297917     -0.99297571    
  8.00000038E-03 -0.99197227     -0.99196833    
  9.00000054E-03 -0.99096441     -0.99096000    
  1.00000007E-02 -0.98995560     -0.98995066    
  1.10000009E-02 -0.98894578     -0.98894036    
  1.20000010E-02 -0.98793501     -0.98792917    
  1.30000003E-02 -0.98692328     -0.98691696    
  1.40000004E-02 -0.98591059     -0.98590386    
  1.50000006E-02 -0.98489696     -0.98488975    
  1.60000008E-02 -0.98388243     -0.98387474    
  1.70000009E-02 -0.98286694     -0.98285878    
  1.80000011E-02 -0.98185050     -0.98184186    
  1.90000013E-02 -0.98083317     -0.98082405    
  2.00000014E-02 -0.97981489     -0.97980535    
  2.10000016E-02 -0.97879571     -0.97878569    
  2.20000017E-02 -0.97777557     -0.97776508    
  2.30000019E-02 -0.97675455     -0.97674364    
  2.40000021E-02 -0.97573262     -0.97572124    
  2.50000004E-02 -0.97470975     -0.97469795    
  2.60000005E-02 -0.97368598     -0.97367376    
  2.70000007E-02 -0.97266132     -0.97264862    
  2.80000009E-02 -0.97163576     -0.97162265    
  2.90000010E-02 -0.97060931     -0.97059578    
  3.00000012E-02 -0.96958202     -0.96956801    
  3.10000014E-02 -0.96855384     -0.96853942    
  3.20000015E-02 -0.96752477     -0.96750987    
  3.29999998E-02 -0.96649480     -0.96647948    
  3.39999981E-02 -0.96546400     -0.96544826    
  3.50000001E-02 -0.96443230     -0.96441615    
  3.59999985E-02 -0.96339977     -0.96338314    
  3.70000005E-02 -0.96236634     -0.96234936    
  3.79999988E-02 -0.96133208     -0.96131468    
  3.90000008E-02 -0.96029699     -0.96027911    
  3.99999991E-02 -0.95926106     -0.95924276    
  4.10000011E-02 -0.95822430     -0.95820552    
  4.19999994E-02 -0.95718664     -0.95716751    
  4.30000015E-02 -0.95614815     -0.95612860    
  4.39999998E-02 -0.95510888     -0.95508891    
  4.50000018E-02 -0.95406878     -0.95404840    
  4.60000001E-02 -0.95302784     -0.95300704    
  4.70000021E-02 -0.95198607     -0.95196486    
  4.80000004E-02 -0.95094353     -0.95092189    
  4.89999987E-02 -0.94990015     -0.94987816    
  5.00000007E-02 -0.94885600     -0.94883353    
  5.09999990E-02 -0.94781101     -0.94778818    
  5.20000011E-02 -0.94676524     -0.94674200    
  5.29999994E-02 -0.94571865     -0.94569504    
  5.40000014E-02 -0.94467127     -0.94464725    
  5.49999997E-02 -0.94362313     -0.94359875    
  5.60000017E-02 -0.94257420     -0.94254941    
  5.70000000E-02 -0.94152451     -0.94149929    
  5.80000021E-02 -0.94047403     -0.94044846    
  5.90000004E-02 -0.93942279     -0.93939686    
  6.00000024E-02 -0.93837076     -0.93834442    
  6.10000007E-02 -0.93731797     -0.93729126    
  6.20000027E-02 -0.93626446     -0.93623739    
  6.30000010E-02 -0.93521017     -0.93518269    
  6.40000030E-02 -0.93415511     -0.93412733    
  6.50000051E-02 -0.93309933     -0.93307114    
  6.60000071E-02 -0.93204284     -0.93201429    
  6.70000017E-02 -0.93098557     -0.93095666    
  6.80000037E-02 -0.92992759     -0.92989832    
  6.90000057E-02 -0.92886889     -0.92883927    
  7.00000077E-02 -0.92780948     -0.92777944    
  7.10000023E-02 -0.92674929     -0.92671895    
  7.20000044E-02 -0.92568839     -0.92565769    
  7.30000064E-02 -0.92462677     -0.92459577    
  7.40000084E-02 -0.92356449     -0.92353308    
  7.50000030E-02 -0.92250150     -0.92246974    
  7.60000050E-02 -0.92143780     -0.92140567    
  7.70000070E-02 -0.92037338     -0.92034096    
  7.80000091E-02 -0.91930830     -0.91927552    
  7.90000036E-02 -0.91824251     -0.91820943    
  8.00000057E-02 -0.91717607     -0.91714263    
  8.10000077E-02 -0.91610891     -0.91607511    
  8.20000023E-02 -0.91504109     -0.91500700    
  8.30000043E-02 -0.91397262     -0.91393816    
  8.40000063E-02 -0.91290343     -0.91286868    
  8.50000083E-02 -0.91183358     -0.91179848    
  8.60000029E-02 -0.91076308     -0.91072768    
  8.70000049E-02 -0.90969193     -0.90965623    
  8.80000070E-02 -0.90862012     -0.90858412    
  8.90000090E-02 -0.90754765     -0.90751135    
  9.00000036E-02 -0.90647459     -0.90643793    
  9.10000056E-02 -0.90540087     -0.90536392    
  9.20000076E-02 -0.90432650     -0.90428925    
  9.30000097E-02 -0.90325153     -0.90321392    
  9.40000042E-02 -0.90217590     -0.90213799    
  9.50000063E-02 -0.90109968     -0.90106142    
  9.60000083E-02 -0.90002280     -0.89998424    
  9.70000029E-02 -0.89894533     -0.89890647    
  9.80000049E-02 -0.89786726     -0.89782810    
  9.90000069E-02 -0.89678854     -0.89674908    
  0.10000001     -0.89570922     -0.89566946    
  0.10100000     -0.89462930     -0.89458930    
  0.10200001     -0.89354879     -0.89350849    
  0.10300001     -0.89246768     -0.89242715    
  0.10400001     -0.89138597     -0.89134514    
  0.10500000     -0.89030373     -0.89026260    
  0.10600001     -0.88922089     -0.88917947    
  0.10700001     -0.88813746     -0.88809580    
  0.10800001     -0.88705349     -0.88701153    
  0.10900000     -0.88596892     -0.88592666    
  0.11000001     -0.88488382     -0.88484126    
  0.11100001     -0.88379812     -0.88375533    
  0.11200001     -0.88271189     -0.88266879    
  0.11300001     -0.88162512     -0.88158178    
  0.11400001     -0.88053781     -0.88049418    
  0.11500001     -0.87944990     -0.87940603    
  0.11600000     -0.87836146     -0.87831736    
  0.11700001     -0.87727249     -0.87722814    
  0.11800001     -0.87618297     -0.87613839    
  0.11900001     -0.87509298     -0.87504810    
  0.12000000     -0.87400246     -0.87395734    
  0.12100001     -0.87291139     -0.87286603    
  0.12200001     -0.87181979     -0.87177420    
  0.12300001     -0.87072772     -0.87068182    
  0.12400001     -0.86963511     -0.86958903    
  0.12500000     -0.86854202     -0.86849570    
  0.12600000     -0.86744845     -0.86740184    
  0.12700000     -0.86635435     -0.86630750    
  0.12800001     -0.86525977     -0.86521268    
  0.12900001     -0.86416471     -0.86411738    
  0.13000001     -0.86306918     -0.86302161    
  0.13100001     -0.86197317     -0.86192536    
  0.13200001     -0.86087668     -0.86082858    
  0.13300000     -0.85977972     -0.85973144    
  0.13400000     -0.85868227     -0.85863376    
  0.13500001     -0.85758436     -0.85753560    
  0.13600001     -0.85648596     -0.85643703    
  0.13700001     -0.85538715     -0.85533798    
  0.13800001     -0.85428786     -0.85423845    
  0.13900001     -0.85318816     -0.85313851    
  0.14000002     -0.85208797     -0.85203815    
  0.14100000     -0.85098737     -0.85093737    
  0.14200000     -0.84988636     -0.84983611    
  0.14300001     -0.84878486     -0.84873444    
  0.14400001     -0.84768295     -0.84763229    
  0.14500001     -0.84658062     -0.84652978    
  0.14600001     -0.84547788     -0.84542686    
  0.14700001     -0.84437472     -0.84432346    
  0.14800000     -0.84327114     -0.84321970    
  0.14900000     -0.84216714     -0.84211558    
  0.15000001     -0.84106278     -0.84101099    
  0.15100001     -0.83995801     -0.83990598    
  0.15200001     -0.83885282     -0.83880061    
  0.15300001     -0.83774728     -0.83769488    
  0.15400001     -0.83664131     -0.83658874    
  0.15500002     -0.83553499     -0.83548218    
  0.15600000     -0.83442825     -0.83437532    
  0.15700001     -0.83332115     -0.83326805    
  0.15800001     -0.83221370     -0.83216035    
  0.15900001     -0.83110589     -0.83105236    
  0.16000001     -0.82999766     -0.82994401    
  0.16100001     -0.82888907     -0.82883525    
  0.16200002     -0.82778013     -0.82772619    
  0.16300000     -0.82667089     -0.82661676    
  0.16400000     -0.82556129     -0.82550693    
  0.16500001     -0.82445133     -0.82439685    
  0.16600001     -0.82334101     -0.82328635    
  0.16700001     -0.82223040     -0.82217556    
  0.16800001     -0.82111943     -0.82106441    
  0.16900001     -0.82000810     -0.81995296    
  0.17000002     -0.81889647     -0.81884122    
  0.17100000     -0.81778455     -0.81772912    
  0.17200001     -0.81667227     -0.81661671    
  0.17300001     -0.81555969     -0.81550395    
  0.17400001     -0.81444681     -0.81439096    
  0.17500001     -0.81333363     -0.81327760    
  0.17600001     -0.81222016     -0.81216401    
  0.17700002     -0.81110638     -0.81105006    
  0.17800000     -0.80999231     -0.80993587    
  0.17900001     -0.80887794     -0.80882132    
  0.18000001     -0.80776328     -0.80770659    
  0.18100001     -0.80664831     -0.80659151    
  0.18200001     -0.80553311     -0.80547619    
  0.18300001     -0.80441761     -0.80436051    
  0.18400002     -0.80330187     -0.80324465    
  0.18500002     -0.80218583     -0.80212849    
  0.18600000     -0.80106956     -0.80101210    
  0.18700001     -0.79995304     -0.79989547    
  0.18800001     -0.79883623     -0.79877853    
  0.18900001     -0.79771918     -0.79766136    
  0.19000001     -0.79660189     -0.79654396    
  0.19100001     -0.79548436     -0.79542631    
  0.19200002     -0.79436660     -0.79430848    
  0.19300000     -0.79324859     -0.79319036    
  0.19400001     -0.79213035     -0.79207200    
  0.19500001     -0.79101187     -0.79095346    
  0.19600001     -0.78989321     -0.78983468    
  0.19700001     -0.78877431     -0.78871566    
  0.19800001     -0.78765517     -0.78759646    
  0.19900002     -0.78653586     -0.78647703    
  0.20000002     -0.78541631     -0.78535742    
  0.20100001     -0.78429657     -0.78423756    
  0.20200001     -0.78317660     -0.78311753    
  0.20300001     -0.78205645     -0.78199732    
  0.20400001     -0.78093612     -0.78087687    
  0.20500001     -0.77981561     -0.77975631    
  0.20600002     -0.77869493     -0.77863550    
  0.20700002     -0.77757406     -0.77751458    
  0.20800002     -0.77645302     -0.77639347    
  0.20900001     -0.77533180     -0.77527213    
  0.21000001     -0.77421039     -0.77415067    
  0.21100001     -0.77308881     -0.77302903    
  0.21200001     -0.77196711     -0.77190727    
  0.21300001     -0.77084523     -0.77078533    
  0.21400002     -0.76972318     -0.76966321    
  0.21500002     -0.76860100     -0.76854098    
  0.21600001     -0.76747864     -0.76741862    
  0.21700001     -0.76635617     -0.76629609    
  0.21800001     -0.76523358     -0.76517344    
  0.21900001     -0.76411086     -0.76405060    
  0.22000001     -0.76298797     -0.76292771    
  0.22100002     -0.76186496     -0.76180464    
  0.22200002     -0.76074183     -0.76068151    
  0.22300002     -0.75961858     -0.75955820    
  0.22400001     -0.75849521     -0.75843483    
  0.22500001     -0.75737172     -0.75731134    
  0.22600001     -0.75624818     -0.75618774    
  0.22700001     -0.75512451     -0.75506401    
  0.22800002     -0.75400072     -0.75394022    
  0.22900002     -0.75287688     -0.75281632    
  0.23000002     -0.75175291     -0.75169230    
  0.23100001     -0.75062889     -0.75056827    
  0.23200001     -0.74950475     -0.74944413    
  0.23300001     -0.74838054     -0.74831986    
  0.23400001     -0.74725628     -0.74719554    
  0.23500001     -0.74613190     -0.74607116    
  0.23600002     -0.74500746     -0.74494672    
  0.23700002     -0.74388295     -0.74382222    
  0.23800002     -0.74275839     -0.74269766    
  0.23900001     -0.74163377     -0.74157304    
  0.24000001     -0.74050909     -0.74044836    
  0.24100001     -0.73938435     -0.73932368    
  0.24200001     -0.73825961     -0.73819888    
  0.24300002     -0.73713481     -0.73707408    
  0.24400002     -0.73600996     -0.73594922    
  0.24500002     -0.73488510     -0.73482436    
  0.24600001     -0.73376018     -0.73369944    
  0.24700001     -0.73263526     -0.73257452    
  0.24800001     -0.73151028     -0.73144960    
  0.24900001     -0.73038530     -0.73032463    
  0.25000000     -0.72926033     -0.72919965    
  0.25099999     -0.72813535     -0.72807467    
  0.25200000     -0.72701031     -0.72694963    
  0.25299999     -0.72588527     -0.72582471    
  0.25400001     -0.72476023     -0.72469968    
  0.25500000     -0.72363520     -0.72357470    
  0.25600001     -0.72251022     -0.72244966    
  0.25700000     -0.72138524     -0.72132474    
  0.25799999     -0.72026026     -0.72019976    
  0.25900000     -0.71913528     -0.71907485    
  0.25999999     -0.71801037     -0.71794993    
  0.26100001     -0.71688545     -0.71682501    
  0.26199999     -0.71576059     -0.71570015    
  0.26300001     -0.71463573     -0.71457535    
  0.26400000     -0.71351093     -0.71345055    
  0.26499999     -0.71238613     -0.71232587    
  0.26600000     -0.71126139     -0.71120113    
  0.26699999     -0.71013671     -0.71007651    
  0.26800001     -0.70901209     -0.70895189    
  0.26899999     -0.70788753     -0.70782739    
  0.27000001     -0.70676303     -0.70670289    
  0.27100000     -0.70563859     -0.70557851    
  0.27200001     -0.70451421     -0.70445412    
  0.27300000     -0.70338988     -0.70332986    
  0.27399999     -0.70226562     -0.70220572    
  0.27500001     -0.70114148     -0.70108157    
  0.27599999     -0.70001739     -0.69995755    
  0.27700001     -0.69889337     -0.69883358    
  0.27800000     -0.69776946     -0.69770974    
  0.27900001     -0.69664562     -0.69658601    
  0.28000000     -0.69552189     -0.69546235    
  0.28099999     -0.69439828     -0.69433880    
  0.28200001     -0.69327474     -0.69321531    
  0.28299999     -0.69215131     -0.69209200    
  0.28400001     -0.69102800     -0.69096875    
  0.28500000     -0.68990481     -0.68984562    
  0.28600001     -0.68878174     -0.68872261    
  0.28700000     -0.68765879     -0.68759978    
  0.28799999     -0.68653595     -0.68647701    
  0.28900000     -0.68541324     -0.68535435    
  0.28999999     -0.68429065     -0.68423194    
  0.29100001     -0.68316823     -0.68310952    
  0.29200000     -0.68204594     -0.68198735    
  0.29300001     -0.68092376     -0.68086529    
  0.29400000     -0.67980176     -0.67974335    
  0.29499999     -0.67867988     -0.67862165    
  0.29600000     -0.67755818     -0.67750001    
  0.29699999     -0.67643666     -0.67637861    
  0.29800001     -0.67531526     -0.67525733    
  0.29899999     -0.67419404     -0.67413622    
  0.30000001     -0.67307299     -0.67301524    
  0.30100000     -0.67195213     -0.67189449    
  0.30200002     -0.67083144     -0.67077386    
  0.30300000     -0.66971093     -0.66965348    
  0.30399999     -0.66859061     -0.66853327    
  0.30500001     -0.66747046     -0.66741323    
  0.30599999     -0.66635048     -0.66629338    
  0.30700001     -0.66523069     -0.66517371    
  0.30800000     -0.66411114     -0.66405427    
  0.30900002     -0.66299176     -0.66293502    
  0.31000000     -0.66187263     -0.66181600    
  0.31099999     -0.66075367     -0.66069716    
  0.31200001     -0.65963495     -0.65957850    
  0.31299999     -0.65851641     -0.65846014    
  0.31400001     -0.65739810     -0.65734196    
  0.31500000     -0.65628004     -0.65622401    
  0.31600001     -0.65516216     -0.65510625    
  0.31700000     -0.65404451     -0.65398878    
  0.31799999     -0.65292710     -0.65287149    
  0.31900001     -0.65180993     -0.65175450    
  0.31999999     -0.65069300     -0.65063769    
  0.32100001     -0.64957631     -0.64952117    
  0.32200000     -0.64845985     -0.64840490    
  0.32300001     -0.64734370     -0.64728880    
  0.32400000     -0.64622778     -0.64617306    
  0.32499999     -0.64511210     -0.64505750    
  0.32600001     -0.64399672     -0.64394224    
  0.32699999     -0.64288157     -0.64282727    
  0.32800001     -0.64176667     -0.64171255    
  0.32900000     -0.64065206     -0.64059812    
  0.33000001     -0.63953775     -0.63948393    
  0.33100000     -0.63842368     -0.63837004    
  0.33200002     -0.63730991     -0.63725638    
  0.33300000     -0.63619643     -0.63614309    
  0.33399999     -0.63508326     -0.63503009    
  0.33500001     -0.63397038     -0.63391733    
  0.33600000     -0.63285780     -0.63280487    
  0.33700001     -0.63174552     -0.63169271    
  0.33800000     -0.63063353     -0.63058090    
  0.33900002     -0.62952185     -0.62946939    
  0.34000000     -0.62841046     -0.62835819    
  0.34099999     -0.62729937     -0.62724727    
  0.34200001     -0.62618864     -0.62613666    
  0.34299999     -0.62507820     -0.62502640    
  0.34400001     -0.62396806     -0.62391645    
  0.34500000     -0.62285829     -0.62280691    
  0.34600002     -0.62174881     -0.62169760    
  0.34700000     -0.62063968     -0.62058866    
  0.34799999     -0.61953092     -0.61948007    
  0.34900001     -0.61842245     -0.61837178    
  0.34999999     -0.61731434     -0.61726385    
  0.35100001     -0.61620659     -0.61615628    
  0.35200000     -0.61509919     -0.61504912    
  0.35300002     -0.61399215     -0.61394221    
  0.35400000     -0.61288548     -0.61283576    
  0.35499999     -0.61177915     -0.61172962    
  0.35600001     -0.61067319     -0.61062384    
  0.35699999     -0.60956758     -0.60951847    
  0.35800001     -0.60846233     -0.60841340    
  0.35900000     -0.60735750     -0.60730880    
  0.36000001     -0.60625303     -0.60620451    
  0.36100000     -0.60514891     -0.60510063    
  0.36200002     -0.60404521     -0.60399705    
  0.36300001     -0.60294187     -0.60289395    
  0.36399999     -0.60183895     -0.60179126    
  0.36500001     -0.60073638     -0.60068893    
  0.36600000     -0.59963423     -0.59958702    
  0.36700001     -0.59853250     -0.59848547    
  0.36800000     -0.59743118     -0.59738439    
  0.36900002     -0.59633023     -0.59628367    
  0.37000000     -0.59522969     -0.59518337    
  0.37099999     -0.59412956     -0.59408355    
  0.37200001     -0.59302986     -0.59298408    
  0.37300000     -0.59193057     -0.59188503    
  0.37400001     -0.59083176     -0.59078640    
  0.37500000     -0.58973336     -0.58968824    
  0.37600002     -0.58863539     -0.58859044    
  0.37700000     -0.58753783     -0.58749318    
  0.37799999     -0.58644074     -0.58639634    
  0.37900001     -0.58534408     -0.58529985    
  0.38000000     -0.58424783     -0.58420390    
  0.38100001     -0.58315206     -0.58310837    
  0.38200000     -0.58205676     -0.58201331    
  0.38300002     -0.58096188     -0.58091867    
  0.38400000     -0.57986748     -0.57982451    
  0.38499999     -0.57877356     -0.57873082    
  0.38600001     -0.57768005     -0.57763755    
  0.38699999     -0.57658702     -0.57654482    
  0.38800001     -0.57549447     -0.57545251    
  0.38900000     -0.57440239     -0.57436067    
  0.39000002     -0.57331079     -0.57326931    
  0.39100000     -0.57221967     -0.57217848    
  0.39200002     -0.57112902     -0.57108808    
  0.39300001     -0.57003886     -0.56999820    
  0.39399999     -0.56894922     -0.56890887    
  0.39500001     -0.56786007     -0.56781989    
  0.39600000     -0.56677139     -0.56673151    
  0.39700001     -0.56568325     -0.56564361    
  0.39800000     -0.56459558     -0.56455624    
  0.39900002     -0.56350839     -0.56346929    
  0.40000001     -0.56242174     -0.56238294    
  0.40099999     -0.56133562     -0.56129712    
  0.40200001     -0.56024998     -0.56021172    
  0.40300000     -0.55916488     -0.55912691    
  0.40400001     -0.55808032     -0.55804259    
  0.40500000     -0.55699623     -0.55695879    
  0.40600002     -0.55591267     -0.55587554    
  0.40700001     -0.55482966     -0.55479288    
  0.40799999     -0.55374718     -0.55371064    
  0.40900001     -0.55266523     -0.55262899    
  0.41000000     -0.55158383     -0.55154794    
  0.41100001     -0.55050296     -0.55046731    
  0.41200000     -0.54942268     -0.54938734    
  0.41300002     -0.54834294     -0.54830790    
  0.41400000     -0.54726374     -0.54722899    
  0.41500002     -0.54618508     -0.54615062    
  0.41600001     -0.54510701     -0.54507285    
  0.41700000     -0.54402947     -0.54399562    
  0.41800001     -0.54295254     -0.54291898    
  0.41900000     -0.54187614     -0.54184288    
  0.42000002     -0.54080033     -0.54076737    
  0.42100000     -0.53972507     -0.53969246    
  0.42200002     -0.53865039     -0.53861803    
  0.42300001     -0.53757632     -0.53754431    
  0.42399999     -0.53650284     -0.53647113    
  0.42500001     -0.53542995     -0.53539854    
  0.42600000     -0.53435761     -0.53432649    
  0.42700002     -0.53328586     -0.53325510    
  0.42800000     -0.53221470     -0.53218430    
  0.42900002     -0.53114414     -0.53111404    
  0.43000001     -0.53007424     -0.53004450    
  0.43099999     -0.52900493     -0.52897549    
  0.43200001     -0.52793622     -0.52790707    
  0.43300000     -0.52686810     -0.52683932    
  0.43400002     -0.52580065     -0.52577209    
  0.43500000     -0.52473378     -0.52470559    
  0.43600002     -0.52366751     -0.52363962    
  0.43700001     -0.52260190     -0.52257431    
  0.43799999     -0.52153689     -0.52150971    
  0.43900001     -0.52047253     -0.52044559    
  0.44000000     -0.51940876     -0.51938224    
  0.44100001     -0.51834565     -0.51831943    
  0.44200000     -0.51728320     -0.51725733    
  0.44300002     -0.51622140     -0.51619583    
  0.44400001     -0.51516020     -0.51513499    
  0.44500002     -0.51409966     -0.51407474    
  0.44600001     -0.51303977     -0.51301527    
  0.44700000     -0.51198053     -0.51195639    
  0.44800001     -0.51092196     -0.51089811    
  0.44900000     -0.50986403     -0.50984055    
  0.45000002     -0.50880677     -0.50878364    
  0.45100001     -0.50775015     -0.50772738    
  0.45200002     -0.50669426     -0.50667179    
  0.45300001     -0.50563902     -0.50561690    
  0.45400000     -0.50458443     -0.50456274    
  0.45500001     -0.50353056     -0.50350916    
  0.45600000     -0.50247735     -0.50245625    
  0.45700002     -0.50142479     -0.50140411    
  0.45800000     -0.50037295     -0.50035262    
  0.45900002     -0.49932179     -0.49930179    
  0.46000001     -0.49827132     -0.49825165    
  0.46100000     -0.49722153     -0.49720225    
  0.46200001     -0.49617246     -0.49615353    
  0.46300000     -0.49512407     -0.49510553    
  0.46400002     -0.49407640     -0.49405816    
  0.46500000     -0.49302942     -0.49301159    
  0.46600002     -0.49198315     -0.49196568    
  0.46700001     -0.49093759     -0.49092051    
  0.46799999     -0.48989275     -0.48987603    
  0.46900001     -0.48884863     -0.48883227    
  0.47000000     -0.48780522     -0.48778924    
  0.47100002     -0.48676252     -0.48674691    
  0.47200000     -0.48572057     -0.48570535    
  0.47300002     -0.48467934     -0.48466447    
  0.47400001     -0.48363885     -0.48362434    
  0.47500002     -0.48259908     -0.48258495    
  0.47600001     -0.48156005     -0.48154631    
  0.47700000     -0.48052177     -0.48050842    
  0.47800002     -0.47948423     -0.47947124    
  0.47900000     -0.47844744     -0.47843480    
  0.48000002     -0.47741139     -0.47739911    
  0.48100001     -0.47637609     -0.47636420    
  0.48200002     -0.47534153     -0.47533000    
  0.48300001     -0.47430775     -0.47429663    
  0.48400000     -0.47327471     -0.47326398    
  0.48500001     -0.47224244     -0.47223207    
  0.48600000     -0.47121093     -0.47120094    
  0.48700002     -0.47018018     -0.47017059    
  0.48800001     -0.46915022     -0.46914101    
  0.48900002     -0.46812102     -0.46811217    
  0.49000001     -0.46709260     -0.46708417    
  0.49100000     -0.46606496     -0.46605691    
  0.49200001     -0.46503809     -0.46503043    
  0.49300000     -0.46401200     -0.46400473    
  0.49400002     -0.46298668     -0.46297982    
  0.49500000     -0.46196216     -0.46195573    
  0.49600002     -0.46093842     -0.46093237    
  0.49700001     -0.45991549     -0.45990986    
  0.49800000     -0.45889336     -0.45888811    
  0.49900001     -0.45787203     -0.45786718    
  0.50000000     -0.45685151     -0.45684704    
  0.50099999     -0.45583180     -0.45582774    
  0.50200003     -0.45481288     -0.45480919    
  0.50300002     -0.45379478     -0.45379150    
  0.50400001     -0.45277748     -0.45277461    
  0.50500000     -0.45176098     -0.45175853    
  0.50599998     -0.45074531     -0.45074332    
  0.50700003     -0.44973046     -0.44972882    
  0.50800002     -0.44871643     -0.44871521    
  0.50900000     -0.44770324     -0.44770244    
  0.50999999     -0.44669086     -0.44669050    
  0.51100004     -0.44567931     -0.44567931    
  0.51200002     -0.44466859     -0.44466904    
  0.51300001     -0.44365871     -0.44365960    
  0.51400000     -0.44264966     -0.44265100    
  0.51499999     -0.44164148     -0.44164324    
  0.51600003     -0.44063413     -0.44063625    
  0.51700002     -0.43962762     -0.43963021    
  0.51800001     -0.43862197     -0.43862498    
  0.51899999     -0.43761715     -0.43762061    
  0.52000004     -0.43661320     -0.43661702    
  0.52100003     -0.43561012     -0.43561438    
  0.52200001     -0.43460786     -0.43461257    
  0.52300000     -0.43360648     -0.43361163    
  0.52399999     -0.43260595     -0.43261155    
  0.52500004     -0.43160629     -0.43161231    
  0.52600002     -0.43060750     -0.43061396    
  0.52700001     -0.42960960     -0.42961645    
  0.52800000     -0.42861256     -0.42861989    
  0.52899998     -0.42761639     -0.42762420    
  0.53000003     -0.42662111     -0.42662928    
  0.53100002     -0.42562670     -0.42563534    
  0.53200001     -0.42463318     -0.42464226    
  0.53299999     -0.42364055     -0.42365009    
  0.53400004     -0.42264882     -0.42265874    
  0.53500003     -0.42165798     -0.42166835    
  0.53600001     -0.42066801     -0.42067885    
  0.53700000     -0.41967896     -0.41969025    
  0.53799999     -0.41869080     -0.41870254    
  0.53900003     -0.41770354     -0.41771564    
  0.54000002     -0.41671717     -0.41672975    
  0.54100001     -0.41573173     -0.41574478    
  0.54200000     -0.41474718     -0.41476068    
  0.54300004     -0.41376355     -0.41377744    
  0.54400003     -0.41278082     -0.41279516    
  0.54500002     -0.41179901     -0.41181380    
  0.54600000     -0.41081813     -0.41083336    
  0.54699999     -0.40983814     -0.40985388    
  0.54800004     -0.40885907     -0.40887520    
  0.54900002     -0.40788093     -0.40789753    
  0.55000001     -0.40690374     -0.40692082    
  0.55100000     -0.40592748     -0.40594503    
  0.55199999     -0.40495214     -0.40497014    
  0.55300003     -0.40397772     -0.40399617    
  0.55400002     -0.40300426     -0.40302318    
  0.55500001     -0.40203172     -0.40205106    
  0.55599999     -0.40106013     -0.40107998    
  0.55700004     -0.40008947     -0.40010974    
  0.55800003     -0.39911976     -0.39914051    
  0.55900002     -0.39815101     -0.39817220    
  0.56000000     -0.39718321     -0.39720488    
  0.56099999     -0.39621636     -0.39623848    
  0.56200004     -0.39525047     -0.39527303    
  0.56300002     -0.39428553     -0.39430860    
  0.56400001     -0.39332154     -0.39334503    
  0.56500000     -0.39235851     -0.39238250    
  0.56599998     -0.39139646     -0.39142090    
  0.56700003     -0.39043537     -0.39046025    
  0.56800002     -0.38947523     -0.38950062    
  0.56900001     -0.38851607     -0.38854197    
  0.56999999     -0.38755789     -0.38758424    
  0.57100004     -0.38660067     -0.38662747    
  0.57200003     -0.38564444     -0.38567171    
  0.57300001     -0.38468918     -0.38471696    
  0.57400000     -0.38373491     -0.38376313    
  0.57499999     -0.38278162     -0.38281032    
  0.57600003     -0.38182932     -0.38185847    
  0.57700002     -0.38087800     -0.38090765    
  0.57800001     -0.37992766     -0.37995780    
  0.57900000     -0.37897834     -0.37900895    
  0.58000004     -0.37803000     -0.37806103    
  0.58100003     -0.37708265     -0.37711421    
  0.58200002     -0.37613630     -0.37616834    
  0.58300000     -0.37519097     -0.37522352    
  0.58399999     -0.37424663     -0.37427965    
  0.58500004     -0.37330329     -0.37333676    
  0.58600003     -0.37236097     -0.37239492    
  0.58700001     -0.37141967     -0.37145409    
  0.58800000     -0.37047935     -0.37051424    
  0.58899999     -0.36954004     -0.36957550    
  0.59000003     -0.36860177     -0.36863762    
  0.59100002     -0.36766452     -0.36770087    
  0.59200001     -0.36672828     -0.36676514    
  0.59299999     -0.36579305     -0.36583039    
  0.59400004     -0.36485887     -0.36489666    
  0.59500003     -0.36392570     -0.36396399    
  0.59600002     -0.36299354     -0.36303234    
  0.59700000     -0.36206242     -0.36210173    
  0.59799999     -0.36113235     -0.36117217    
  0.59900004     -0.36020330     -0.36024353    
  0.60000002     -0.35927528     -0.35931605    
  0.60100001     -0.35834831     -0.35838956    
  0.60200000     -0.35742238     -0.35746416    
  0.60300004     -0.35649750     -0.35653973    
  0.60400003     -0.35557365     -0.35561636    
  0.60500002     -0.35465086     -0.35469410    
  0.60600001     -0.35372910     -0.35377282    
  0.60699999     -0.35280839     -0.35285264    
  0.60800004     -0.35188875     -0.35193342    
  0.60900003     -0.35097015     -0.35101539    
  0.61000001     -0.35005260     -0.35009834    
  0.61100000     -0.34913611     -0.34918234    
  0.61199999     -0.34822071     -0.34826741    
  0.61300004     -0.34730634     -0.34735352    
  0.61400002     -0.34639305     -0.34644073    
  0.61500001     -0.34548083     -0.34552902    
  0.61600000     -0.34456965     -0.34461838    
  0.61700004     -0.34365955     -0.34370875    
  0.61800003     -0.34275052     -0.34280026    
  0.61900002     -0.34184256     -0.34189284    
  0.62000000     -0.34093568     -0.34098646    
  0.62099999     -0.34002990     -0.34008119    
  0.62200004     -0.33912519     -0.33917689    
  0.62300003     -0.33822155     -0.33827376    
  0.62400001     -0.33731899     -0.33737177    
  0.62500000     -0.33641753     -0.33647084    
  0.62599999     -0.33551714     -0.33557093    
  0.62700003     -0.33461785     -0.33467209    
  0.62800002     -0.33371964     -0.33377445    
  0.62900001     -0.33282253     -0.33287781    
  0.63000000     -0.33192652     -0.33198231    
  0.63100004     -0.33103159     -0.33108789    
  0.63200003     -0.33013776     -0.33019459    
  0.63300002     -0.32924503     -0.32930240    
  0.63400000     -0.32835340     -0.32841131    
  0.63499999     -0.32746288     -0.32752129    
  0.63600004     -0.32657346     -0.32663232    
  0.63700002     -0.32568514     -0.32574457    
  0.63800001     -0.32479793     -0.32485789    
  0.63900000     -0.32391185     -0.32397231    
  0.64000005     -0.32302687     -0.32308778    
  0.64100003     -0.32214299     -0.32220447    
  0.64200002     -0.32126024     -0.32132220    
  0.64300001     -0.32037860     -0.32044110    
  0.64399999     -0.31949809     -0.31956112    
  0.64500004     -0.31861869     -0.31868219    
  0.64600003     -0.31774041     -0.31780446    
  0.64700001     -0.31686327     -0.31692785    
  0.64800000     -0.31598726     -0.31605232    
  0.64899999     -0.31511235     -0.31517795    
  0.65000004     -0.31423858     -0.31430465    
  0.65100002     -0.31336594     -0.31343257    
  0.65200001     -0.31249443     -0.31256160    
  0.65300000     -0.31162405     -0.31169179    
  0.65400004     -0.31075481     -0.31082299    
  0.65500003     -0.30988672     -0.30995539    
  0.65600002     -0.30901977     -0.30908900    
  0.65700001     -0.30815396     -0.30822369    
  0.65799999     -0.30728927     -0.30735958    
  0.65900004     -0.30642575     -0.30649653    
  0.66000003     -0.30556336     -0.30563468    
  0.66100001     -0.30470213     -0.30477393    
  0.66200000     -0.30384204     -0.30391440    
  0.66300005     -0.30298311     -0.30305591    
  0.66400003     -0.30212530     -0.30219871    
  0.66500002     -0.30126867     -0.30134255    
  0.66600001     -0.30041319     -0.30048761    
  0.66700000     -0.29955888     -0.29963386    
  0.66800004     -0.29870573     -0.29878116    
  0.66900003     -0.29785374     -0.29792967    
  0.67000002     -0.29700291     -0.29707938    
  0.67100000     -0.29615325     -0.29623026    
  0.67199999     -0.29530475     -0.29538226    
  0.67300004     -0.29445741     -0.29453537    
  0.67400002     -0.29361123     -0.29368976    
  0.67500001     -0.29276621     -0.29284528    
  0.67600000     -0.29192236     -0.29200196    
  0.67700005     -0.29107970     -0.29115978    
  0.67800003     -0.29023820     -0.29031882    
  0.67900002     -0.28939790     -0.28947902    
  0.68000001     -0.28855875     -0.28864044    
  0.68099999     -0.28772080     -0.28780296    
  0.68200004     -0.28688401     -0.28696665    
  0.68300003     -0.28604841     -0.28613162    
  0.68400002     -0.28521398     -0.28529772    
  0.68500000     -0.28438073     -0.28446499    
  0.68600005     -0.28354868     -0.28363341    
  0.68700004     -0.28271782     -0.28280315    
  0.68800002     -0.28188816     -0.28197396    
  0.68900001     -0.28105968     -0.28114602    
  0.69000000     -0.28023237     -0.28031924    
  0.69100004     -0.27940625     -0.27949363    
  0.69200003     -0.27858135     -0.27866924    
  0.69300002     -0.27775764     -0.27784607    
  0.69400001     -0.27693513     -0.27702406    
  0.69499999     -0.27611381     -0.27620330    
  0.69600004     -0.27529368     -0.27538365    
  0.69700003     -0.27447474     -0.27456528    
  0.69800001     -0.27365702     -0.27374810    
  0.69900000     -0.27284050     -0.27293211    
  0.70000005     -0.27202520     -0.27211729    
  0.70100003     -0.27121109     -0.27130371    
  0.70200002     -0.27039820     -0.27049136    
  0.70300001     -0.26958650     -0.26968023    
  0.70400000     -0.26877603     -0.26887026    
  0.70500004     -0.26796675     -0.26806146    
  0.70600003     -0.26715869     -0.26725394    
  0.70700002     -0.26635185     -0.26644766    
  0.70800000     -0.26554623     -0.26564255    
  0.70899999     -0.26474181     -0.26483867    
  0.71000004     -0.26393861     -0.26403597    
  0.71100003     -0.26313663     -0.26323453    
  0.71200001     -0.26233587     -0.26243427    
  0.71300000     -0.26153633     -0.26163533    
  0.71400005     -0.26073802     -0.26083747    
  0.71500003     -0.25994092     -0.26004094    
  0.71600002     -0.25914505     -0.25924563    
  0.71700001     -0.25835040     -0.25845149    
  0.71799999     -0.25755700     -0.25765866    
  0.71900004     -0.25676483     -0.25686693    
  0.72000003     -0.25597388     -0.25607657    
  0.72100002     -0.25518414     -0.25528735    
  0.72200000     -0.25439566     -0.25449941    
  0.72300005     -0.25360841     -0.25371265    
  0.72400004     -0.25282240     -0.25292715    
  0.72500002     -0.25203761     -0.25214288    
  0.72600001     -0.25125408     -0.25135988    
  0.72700000     -0.25047177     -0.25057814    
  0.72800004     -0.24969070     -0.24979757    
  0.72900003     -0.24891087     -0.24901825    
  0.73000002     -0.24813229     -0.24824022    
  0.73100001     -0.24735494     -0.24746342    
  0.73199999     -0.24657884     -0.24668786    
  0.73300004     -0.24580398     -0.24591345    
  0.73400003     -0.24503037     -0.24514042    
  0.73500001     -0.24425802     -0.24436855    
  0.73600000     -0.24348690     -0.24359798    
  0.73700005     -0.24271703     -0.24282862    
  0.73800004     -0.24194841     -0.24206053    
  0.73900002     -0.24118105     -0.24129371    
  0.74000001     -0.24041493     -0.24052814    
  0.74100000     -0.23965007     -0.23976378    
  0.74200004     -0.23888648     -0.23900068    
  0.74300003     -0.23812413     -0.23823887    
  0.74400002     -0.23736304     -0.23747833    
  0.74500000     -0.23660322     -0.23671901    
  0.74600005     -0.23584464     -0.23596095    
  0.74700004     -0.23508734     -0.23520413    
  0.74800003     -0.23433128     -0.23444863    
  0.74900001     -0.23357649     -0.23369440    
  0.75000000     -0.23282297     -0.23294137    
  0.75100005     -0.23207070     -0.23218960    
  0.75200003     -0.23131970     -0.23143910    
  0.75300002     -0.23056996     -0.23068990    
  0.75400001     -0.22982149     -0.22994199    
  0.75500000     -0.22907428     -0.22919530    
  0.75600004     -0.22832835     -0.22844987    
  0.75700003     -0.22758368     -0.22770573    
  0.75800002     -0.22684029     -0.22696285    
  0.75900000     -0.22609816     -0.22622129    
  0.76000005     -0.22535731     -0.22548087    
  0.76100004     -0.22461773     -0.22474185    
  0.76200002     -0.22387943     -0.22400405    
  0.76300001     -0.22314240     -0.22326759    
  0.76400000     -0.22240664     -0.22253236    
  0.76500005     -0.22167216     -0.22179836    
  0.76600003     -0.22093897     -0.22106569    
  0.76700002     -0.22020704     -0.22033429    
  0.76800001     -0.21947639     -0.21960416    
  0.76899999     -0.21874702     -0.21887533    
  0.77000004     -0.21801893     -0.21814772    
  0.77100003     -0.21729213     -0.21742146    
  0.77200001     -0.21656661     -0.21669646    
  0.77300000     -0.21584237     -0.21597275    
  0.77400005     -0.21511941     -0.21525030    
  0.77500004     -0.21439774     -0.21452913    
  0.77600002     -0.21367736     -0.21380928    
  0.77700001     -0.21295826     -0.21309070    
  0.77800000     -0.21224046     -0.21237339    
  0.77900004     -0.21152394     -0.21165738    
  0.78000003     -0.21080871     -0.21094266    
  0.78100002     -0.21009476     -0.21022923    
  0.78200001     -0.20938212     -0.20951712    
  0.78300005     -0.20867075     -0.20880619    
  0.78400004     -0.20796068     -0.20809668    
  0.78500003     -0.20725191     -0.20738840    
  0.78600001     -0.20654441     -0.20668145    
  0.78700000     -0.20583822     -0.20597577    
  0.78800005     -0.20513332     -0.20527135    
  0.78900003     -0.20442972     -0.20456828    
  0.79000002     -0.20372741     -0.20386647    
  0.79100001     -0.20302640     -0.20316599    
  0.79200000     -0.20232669     -0.20246677    
  0.79300004     -0.20162827     -0.20176885    
  0.79400003     -0.20093115     -0.20107226    
  0.79500002     -0.20023534     -0.20037696    
  0.79600000     -0.19954082     -0.19968294    
  0.79700005     -0.19884761     -0.19899023    
  0.79800004     -0.19815569     -0.19829878    
  0.79900002     -0.19746508     -0.19760868    
  0.80000001     -0.19677576     -0.19691990    
  0.80100000     -0.19608776     -0.19623241    
  0.80200005     -0.19540106     -0.19554618    
  0.80300003     -0.19471566     -0.19486125    
  0.80400002     -0.19403157     -0.19417772    
  0.80500001     -0.19334878     -0.19349544    
  0.80600005     -0.19266729     -0.19281441    
  0.80700004     -0.19198711     -0.19213471    
  0.80800003     -0.19130825     -0.19145636    
  0.80900002     -0.19063067     -0.19077928    
  0.81000000     -0.18995441     -0.19010356    
  0.81100005     -0.18927947     -0.18942906    
  0.81200004     -0.18860583     -0.18875596    
  0.81300002     -0.18793350     -0.18808414    
  0.81400001     -0.18726249     -0.18741360    
  0.81500000     -0.18659279     -0.18674438    
  0.81600004     -0.18592440     -0.18607648    
  0.81700003     -0.18525732     -0.18540990    
  0.81800002     -0.18459155     -0.18474460    
  0.81900001     -0.18392709     -0.18408065    
  0.82000005     -0.18326394     -0.18341801    
  0.82100004     -0.18260211     -0.18275665    
  0.82200003     -0.18194158     -0.18209662    
  0.82300001     -0.18128239     -0.18143792    
  0.82400000     -0.18062450     -0.18078054    
  0.82500005     -0.17996792     -0.18012445    
  0.82600003     -0.17931266     -0.17946967    
  0.82700002     -0.17865872     -0.17881623    
  0.82800001     -0.17800610     -0.17816409    
  0.82900006     -0.17735478     -0.17751324    
  0.83000004     -0.17670479     -0.17686374    
  0.83100003     -0.17605612     -0.17621556    
  0.83200002     -0.17540877     -0.17556871    
  0.83300000     -0.17476273     -0.17492317    
  0.83400005     -0.17411801     -0.17427886    
  0.83500004     -0.17347461     -0.17363599    
  0.83600003     -0.17283253     -0.17299441    
  0.83700001     -0.17219178     -0.17235413    
  0.83800000     -0.17155235     -0.17171519    
  0.83900005     -0.17091423     -0.17107747    
  0.84000003     -0.17027743     -0.17044118    
  0.84100002     -0.16964196     -0.16980618    
  0.84200001     -0.16900781     -0.16917256    
  0.84300005     -0.16837499     -0.16854016    
  0.84400004     -0.16774347     -0.16790912    
  0.84500003     -0.16711329     -0.16727944    
  0.84600002     -0.16648443     -0.16665107    
  0.84700000     -0.16585690     -0.16602400    
  0.84800005     -0.16523068     -0.16539823    
  0.84900004     -0.16460578     -0.16477381    
  0.85000002     -0.16398221     -0.16415071    
  0.85100001     -0.16335997     -0.16352896    
  0.85200000     -0.16273905     -0.16290852    
  0.85300004     -0.16211946     -0.16228937    
  0.85400003     -0.16150120     -0.16167156    
  0.85500002     -0.16088426     -0.16105512    
  0.85600001     -0.16026863     -0.16043994    
  0.85700005     -0.15965433     -0.15982606    
  0.85800004     -0.15904136     -0.15921360    
  0.85900003     -0.15842971     -0.15860245    
  0.86000001     -0.15781939     -0.15799256    
  0.86100000     -0.15721039     -0.15738405    
  0.86200005     -0.15660273     -0.15677680    
  0.86300004     -0.15599638     -0.15617095    
  0.86400002     -0.15539137     -0.15556641    
  0.86500001     -0.15478767     -0.15496318    
  0.86600006     -0.15418531     -0.15436128    
  0.86700004     -0.15358429     -0.15376070    
  0.86800003     -0.15298459     -0.15316142    
  0.86900002     -0.15238622     -0.15256354    
  0.87000000     -0.15178917     -0.15196694    
  0.87100005     -0.15119345     -0.15137169    
  0.87200004     -0.15059906     -0.15077773    
  0.87300003     -0.15000600     -0.15018512    
  0.87400001     -0.14941426     -0.14959383    
  0.87500000     -0.14882384     -0.14900388    
  0.87600005     -0.14823475     -0.14841524    
  0.87700003     -0.14764701     -0.14782791    
  0.87800002     -0.14706059     -0.14724195    
  0.87900001     -0.14647549     -0.14665730    
  0.88000005     -0.14589173     -0.14607398    
  0.88100004     -0.14530928     -0.14549197    
  0.88200003     -0.14472817     -0.14491132    
  0.88300002     -0.14414838     -0.14433196    
  0.88400000     -0.14356992     -0.14375395    
  0.88500005     -0.14299279     -0.14317724    
  0.88600004     -0.14241700     -0.14260186    
  0.88700002     -0.14184253     -0.14202785    
  0.88800001     -0.14126939     -0.14145514    
  0.88900006     -0.14069757     -0.14088374    
  0.89000005     -0.14012708     -0.14031371    
  0.89100003     -0.13955791     -0.13974498    
  0.89200002     -0.13899007     -0.13917759    
  0.89300001     -0.13842358     -0.13861154    
  0.89400005     -0.13785841     -0.13804674    
  0.89500004     -0.13729456     -0.13748331    
  0.89600003     -0.13673204     -0.13692126    
  0.89700001     -0.13617085     -0.13636051    
  0.89800000     -0.13561098     -0.13580105    
  0.89900005     -0.13505244     -0.13524291    
  0.90000004     -0.13449523     -0.13468613    
  0.90100002     -0.13393934     -0.13413070    
  0.90200001     -0.13338478     -0.13357656    
  0.90300006     -0.13283154     -0.13302371    
  0.90400004     -0.13227963     -0.13247223    
  0.90500003     -0.13172905     -0.13192210    
  0.90600002     -0.13117979     -0.13137329    
  0.90700001     -0.13063186     -0.13082576    
  0.90800005     -0.13008526     -0.13027954    
  0.90900004     -0.12953998     -0.12973469    
  0.91000003     -0.12899603     -0.12919118    
  0.91100001     -0.12845340     -0.12864897    
  0.91200006     -0.12791210     -0.12810804    
  0.91300005     -0.12737213     -0.12756851    
  0.91400003     -0.12683348     -0.12703025    
  0.91500002     -0.12629616     -0.12649336    
  0.91600001     -0.12576017     -0.12595779    
  0.91700006     -0.12522550     -0.12542349    
  0.91800004     -0.12469215     -0.12489054    
  0.91900003     -0.12416013     -0.12435893    
  0.92000002     -0.12362943     -0.12382867    
  0.92100000     -0.12310005     -0.12329966    
  0.92200005     -0.12257200     -0.12277199    
  0.92300004     -0.12204526     -0.12224570    
  0.92400002     -0.12151986     -0.12172069    
  0.92500001     -0.12099577     -0.12119700    
  0.92600006     -0.12047300     -0.12067458    
  0.92700005     -0.11995156     -0.12015354    
  0.92800003     -0.11943144     -0.11963384    
  0.92900002     -0.11891264     -0.11911544    
  0.93000001     -0.11839516     -0.11859833    
  0.93100005     -0.11787900     -0.11808253    
  0.93200004     -0.11736417     -0.11756810    
  0.93300003     -0.11685065     -0.11705494    
  0.93400002     -0.11633845     -0.11654316    
  0.93500000     -0.11582758     -0.11603266    
  0.93600005     -0.11531802     -0.11552345    
  0.93700004     -0.11480977     -0.11501561    
  0.93800002     -0.11430285     -0.11450905    
  0.93900001     -0.11379724     -0.11400384    
  0.94000006     -0.11329295     -0.11349990    
  0.94100004     -0.11278997     -0.11299732    
  0.94200003     -0.11228832     -0.11249603    
  0.94300002     -0.11178797     -0.11199606    
  0.94400001     -0.11128895     -0.11149742    
  0.94500005     -0.11079124     -0.11100004    
  0.94600004     -0.11029484     -0.11050403    
  0.94700003     -0.10979976     -0.11000931    
  0.94800001     -0.10930599     -0.10951592    
  0.94900006     -0.10881353     -0.10902381    
  0.95000005     -0.10832239     -0.10853303    
  0.95100003     -0.10783256     -0.10804356    
  0.95200002     -0.10734404     -0.10755538    
  0.95300001     -0.10685683     -0.10706856    
  0.95400006     -0.10637093     -0.10658298    
  0.95500004     -0.10588635     -0.10609879    
  0.95600003     -0.10540307     -0.10561586    
  0.95700002     -0.10492110     -0.10513424    
  0.95800000     -0.10444044     -0.10465395    
  0.95900005     -0.10396110     -0.10417493    
  0.96000004     -0.10348305     -0.10369725    
  0.96100003     -0.10300632     -0.10322087    
  0.96200001     -0.10253089     -0.10274576    
  0.96300006     -0.10205676     -0.10227197    
  0.96400005     -0.10158394     -0.10179947    
  0.96500003     -0.10111243     -0.10132831    
  0.96600002     -0.10064223     -0.10085846    
  0.96700001     -0.10017332     -0.10038992    
  0.96800005     -9.97057259E-02 -9.99226347E-02
  0.96900004     -9.92394239E-02 -9.94566828E-02
  0.97000003     -9.87744257E-02 -9.89920199E-02
  0.97100002     -9.83107314E-02 -9.85286608E-02
  0.97200006     -9.78483334E-02 -9.80665684E-02
  0.97300005     -9.73872393E-02 -9.76058319E-02
  0.97400004     -9.69274417E-02 -9.71463621E-02
  0.97500002     -9.64689478E-02 -9.66881737E-02
  0.97600001     -9.60117504E-02 -9.62313265E-02
  0.97700006     -9.55558494E-02 -9.57757235E-02
  0.97800004     -9.51012447E-02 -9.53214243E-02
  0.97900003     -9.46479365E-02 -9.48684439E-02
  0.98000002     -9.41959247E-02 -9.44167897E-02
  0.98100001     -9.37452093E-02 -9.39663872E-02
  0.98200005     -9.32957903E-02 -9.35172588E-02
  0.98300004     -9.28476602E-02 -9.30694491E-02
  0.98400003     -9.24008265E-02 -9.26229283E-02
  0.98500001     -9.19552818E-02 -9.21777040E-02
  0.98600006     -9.15110260E-02 -9.17337462E-02
  0.98700005     -9.10680667E-02 -9.12911147E-02
  0.98800004     -9.06263962E-02 -9.08497125E-02
  0.98900002     -9.01860148E-02 -9.04096738E-02
  0.99000001     -8.97469223E-02 -8.99708644E-02
  0.99100006     -8.93091187E-02 -8.95333737E-02
  0.99200004     -8.88725966E-02 -8.90971348E-02
  0.99300003     -8.84373635E-02 -8.86622071E-02
  0.99400002     -8.80034193E-02 -8.82285684E-02
  0.99500000     -8.75707567E-02 -8.77962112E-02
  0.99600005     -8.71393755E-02 -8.73651057E-02
  0.99700004     -8.67092833E-02 -8.69352967E-02
  0.99800003     -8.62804726E-02 -8.65067840E-02
  0.99900001     -8.58529434E-02 -8.60795602E-02
   1.0000001     -8.54266956E-02 -8.56535286E-02
   1.0010000     -8.50017220E-02 -8.52288753E-02
   1.0020001     -8.45780298E-02 -8.48054588E-02
   1.0030001     -8.41556191E-02 -8.43833163E-02
   1.0040001     -8.37344825E-02 -8.39625001E-02
   1.0050001     -8.33146200E-02 -8.35428610E-02
   1.0060000     -8.28960389E-02 -8.31246078E-02
   1.0070001     -8.24787319E-02 -8.27075616E-02
   1.0080001     -8.20626989E-02 -8.22917745E-02
   1.0090001     -8.16479400E-02 -8.18773136E-02
   1.0100001     -8.12344477E-02 -8.14640597E-02
   1.0110000     -8.08222294E-02 -8.10521692E-02
   1.0120001     -8.04112852E-02 -8.06414634E-02
   1.0130001     -8.00016075E-02 -8.02320391E-02
   1.0140001     -7.95931965E-02 -7.98239261E-02
   1.0150001     -7.91860521E-02 -7.94169903E-02
   1.0160002     -7.87801743E-02 -7.90113807E-02
   1.0170001     -7.83755630E-02 -7.86070749E-02
   1.0180001     -7.79722184E-02 -7.82039613E-02
   1.0190001     -7.75701404E-02 -7.78021812E-02
   1.0200001     -7.71693215E-02 -7.74015859E-02
   1.0210001     -7.67697692E-02 -7.70022646E-02
   1.0220001     -7.63714761E-02 -7.66042471E-02
   1.0230001     -7.59744421E-02 -7.62074515E-02
   1.0240000     -7.55786672E-02 -7.58119449E-02
   1.0250001     -7.51841515E-02 -7.54176825E-02
   1.0260001     -7.47908950E-02 -7.50246346E-02
   1.0270001     -7.43988976E-02 -7.46328980E-02
   1.0280001     -7.40081519E-02 -7.42423907E-02
   1.0290000     -7.36186579E-02 -7.38531724E-02
   1.0300001     -7.32304230E-02 -7.34651461E-02
   1.0310001     -7.28434399E-02 -7.30783418E-02
   1.0320001     -7.24577084E-02 -7.26928785E-02
   1.0330001     -7.20732287E-02 -7.23086149E-02
   1.0340000     -7.16899931E-02 -7.19256476E-02
   1.0350001     -7.13080093E-02 -7.15438798E-02
   1.0360001     -7.09272698E-02 -7.11633265E-02
   1.0370001     -7.05477744E-02 -7.07840696E-02
   1.0380001     -7.01695308E-02 -7.04060495E-02
   1.0390002     -6.97925240E-02 -7.00292513E-02
   1.0400001     -6.94167614E-02 -6.96537122E-02
   1.0410001     -6.90422431E-02 -6.92794174E-02
   1.0420001     -6.86689690E-02 -6.89063892E-02
   1.0430001     -6.82969317E-02 -6.85345381E-02
   1.0440001     -6.79261312E-02 -6.81639388E-02
   1.0450001     -6.75565675E-02 -6.77946135E-02
   1.0460001     -6.71882406E-02 -6.74264729E-02
   1.0470001     -6.68211505E-02 -6.70596287E-02
