   0.0000000000000000        1.0000000000000000     
  1.00000000000000002E-003  0.99999000999600041     
  2.00000000000000004E-003  0.99996007993601888     
  3.00000000000000006E-003  0.99991026967615393     
  4.00000000000000008E-003  0.99984063897666364     
  5.00000000000000010E-003  0.99975124750204691     
  6.00000000000000012E-003  0.99964215482112262     
  7.00000000000000015E-003  0.99951342040711100     
  8.00000000000000017E-003  0.99936510363771280     
  9.00000000000000105E-003  0.99919726379519047     
  1.00000000000000002E-002  0.99900996006644849     
  1.09999999999999994E-002  0.99880325154311356     
  1.20000000000000002E-002  0.99857719722161542     
  1.30000000000000011E-002  0.99833185600326713     
  1.40000000000000003E-002  0.99806728669434641     
  1.49999999999999994E-002  0.99778354800617541     
  1.60000000000000003E-002  0.99748069855520238     
  1.70000000000000012E-002  0.99715879686308206     
  1.80000000000000021E-002  0.99681790135675619     
  1.89999999999999995E-002  0.99645807036853551     
  2.00000000000000004E-002  0.99607936213617942     
  2.10000000000000013E-002  0.99568183480297834     
  2.19999999999999987E-002  0.99526554641783360     
  2.29999999999999996E-002  0.99483055493533945     
  2.40000000000000005E-002  0.99437691821586383     
  2.50000000000000014E-002  0.99390469402562975     
  2.60000000000000023E-002  0.99341394003679662     
  2.69999999999999997E-002  0.99290471382754153     
  2.80000000000000006E-002  0.99237707288214039     
  2.90000000000000015E-002  0.99183107459105013     
  2.99999999999999989E-002  0.99126677625098936     
  3.09999999999999998E-002  0.99068423506502024     
  3.20000000000000007E-002  0.99008350814263024     
  3.30000000000000016E-002  0.98946465249981363     
  3.40000000000000024E-002  0.98882772505915317     
  3.50000000000000033E-002  0.98817278264990172     
  3.60000000000000042E-002  0.98749988200806427     
  3.69999999999999982E-002  0.98680907977647947     
  3.79999999999999991E-002  0.98610043250490198     
  3.89999999999999999E-002  0.98537399665008385     
  4.00000000000000008E-002  0.98462982857585668     
  4.10000000000000017E-002  0.98386798455321389     
  4.20000000000000026E-002  0.98308852076039233     
  4.30000000000000035E-002  0.98229149328295484     
  4.39999999999999974E-002  0.98147695811387181     
  4.49999999999999983E-002  0.98064497115360394     
  4.59999999999999992E-002  0.97979558821018431     
  4.70000000000000001E-002  0.97892886499930043     
  4.80000000000000010E-002  0.97804485714437672     
  4.90000000000000019E-002  0.97714362017665668     
  5.00000000000000028E-002  0.97622520953528580     
  5.10000000000000037E-002  0.97528968056739340     
  5.20000000000000046E-002  0.97433708852817524     
  5.29999999999999985E-002  0.97336748858097655     
  5.39999999999999994E-002  0.97238093579737384     
  5.50000000000000003E-002  0.97137748515725786     
  5.60000000000000012E-002  0.97035719154891642     
  5.70000000000000021E-002  0.96932010976911653     
  5.80000000000000029E-002  0.96826629452318791     
  5.90000000000000038E-002  0.96719580042510500     
  5.99999999999999978E-002  0.96610868199756994     
  6.09999999999999987E-002  0.96500499367209558     
  6.19999999999999996E-002  0.96388478978908843     
  6.30000000000000004E-002  0.96274812459793113     
  6.40000000000000013E-002  0.96159505225706587     
  6.50000000000000022E-002  0.96042562683407684     
  6.60000000000000031E-002  0.95923990230577383     
  6.70000000000000040E-002  0.95803793255827485     
  6.80000000000000049E-002  0.95681977138708929     
  6.90000000000000058E-002  0.95558547249720127     
  7.00000000000000067E-002  0.95433508950315227     
  7.10000000000000075E-002  0.95306867592912503     
  7.20000000000000084E-002  0.95178628520902608     
  7.29999999999999954E-002  0.95048797068656943     
  7.39999999999999963E-002  0.94917378561535981     
  7.49999999999999972E-002  0.94784378315897555     
  7.59999999999999981E-002  0.94649801639105269     
  7.69999999999999990E-002  0.94513653829536759     
  7.79999999999999999E-002  0.94375940176592088     
  7.90000000000000008E-002  0.94236665960702060     
  8.00000000000000017E-002  0.94095836453336590     
  8.10000000000000026E-002  0.93953456917013012     
  8.20000000000000034E-002  0.93809532605304513     
  8.30000000000000043E-002  0.93664068762848385     
  8.40000000000000052E-002  0.93517070625354481     
  8.50000000000000061E-002  0.93368543419613492     
  8.60000000000000070E-002  0.93218492363505401     
  8.70000000000000079E-002  0.93066922666007756     
  8.79999999999999949E-002  0.92913839527204123     
  8.89999999999999958E-002  0.92759248138292405     
  8.99999999999999967E-002  0.92603153681593242     
  9.09999999999999976E-002  0.92445561330558401     
  9.19999999999999984E-002  0.92286476249779115     
  9.29999999999999993E-002  0.92125903594994529     
  9.40000000000000002E-002  0.91963848513100011     
  9.50000000000000011E-002  0.91800316142155614     
  9.60000000000000020E-002  0.91635311611394421     
  9.70000000000000029E-002  0.91468840041230970     
  9.80000000000000038E-002  0.91300906543269622     
  9.90000000000000047E-002  0.91131516220312969     
  0.10000000000000001       0.90960674166370259     
  0.10100000000000001       0.90788385466665789     
  0.10200000000000001       0.90614655197647265     
  0.10300000000000001       0.90439488426994286     
  0.10400000000000001       0.90262890213626712     
  0.10500000000000000       0.90084865607713094     
  0.10600000000000000       0.89905419650679053     
  0.10700000000000000       0.89724557375215752     
  0.10800000000000000       0.89542283805288281     
  0.10900000000000000       0.89358603956144100     
  0.11000000000000000       0.89173522834321417     
  0.11100000000000000       0.88987045437657697     
  0.11200000000000000       0.88799176755298015     
  0.11300000000000000       0.88609921767703503     
  0.11400000000000000       0.88419285446659812     
  0.11500000000000000       0.88227272755285524     
  0.11600000000000001       0.88033888648040592     
  0.11700000000000001       0.87839138070734779     
  0.11800000000000001       0.87643025960536081     
  0.11900000000000001       0.87445557245979211     
  0.12000000000000000       0.87246736846973982     
  0.12100000000000000       0.87046569674813823     
  0.12200000000000000       0.86845060632184157     
  0.12300000000000000       0.86642214613170909     
  0.12400000000000000       0.86438036503268911     
  0.12500000000000000       0.86232531179390381     
  0.12600000000000000       0.86025703509873375     
  0.12700000000000000       0.85817558354490220     
  0.12800000000000000       0.85608100564455980     
  0.12900000000000000       0.85397334982436968     
  0.13000000000000000       0.85185266442559104     
  0.13100000000000001       0.84971899770416459     
  0.13200000000000001       0.84757239783079685     
  0.13300000000000001       0.84541291289104492     
  0.13400000000000001       0.84324059088540082     
  0.13500000000000001       0.84105547972937666     
  0.13600000000000001       0.83885762725358892     
  0.13700000000000001       0.83664708120384335     
  0.13800000000000001       0.83442388924121957     
  0.13900000000000001       0.83218809894215573     
  0.14000000000000001       0.82993975779853368     
  0.14100000000000001       0.82767891321776299     
  0.14200000000000002       0.82540561252286626     
  0.14300000000000002       0.82311990295256388     
  0.14400000000000002       0.82082183166135825     
  0.14499999999999999       0.81851144571961942     
  0.14599999999999999       0.81618879211366913     
  0.14699999999999999       0.81385391774586602     
  0.14799999999999999       0.81150686943469030     
  0.14899999999999999       0.80914769391482877     
  0.14999999999999999       0.80677643783725927     
  0.15100000000000000       0.80439314776933613     
  0.15200000000000000       0.80199787019487423     
  0.15300000000000000       0.79959065151423481     
  0.15400000000000000       0.79717153804440921     
  0.15500000000000000       0.79474057601910497     
  0.15600000000000000       0.79229781158882984     
  0.15700000000000000       0.78984329082097682     
  0.15800000000000000       0.78737705969990945     
  0.15900000000000000       0.78489916412704641     
  0.16000000000000000       0.78240964992094630     
  0.16100000000000000       0.77990856281739285     
  0.16200000000000001       0.77739594846947979     
  0.16300000000000001       0.77487185244769574     
  0.16400000000000001       0.77233632024000909     
  0.16500000000000001       0.76978939725195294     
  0.16600000000000001       0.76723112880671007     
  0.16700000000000001       0.76466156014519826     
  0.16800000000000001       0.76208073642615437     
  0.16900000000000001       0.75948870272622027     
  0.17000000000000001       0.75688550404002719     
  0.17100000000000001       0.75427118528028092     
  0.17200000000000001       0.75164579127784659     
  0.17300000000000001       0.74900936678183394     
  0.17400000000000002       0.74636195645968217     
  0.17500000000000002       0.74370360489724474     
  0.17599999999999999       0.74103435659887473     
  0.17699999999999999       0.73835425598750926     
  0.17799999999999999       0.73566334740475503     
  0.17899999999999999       0.73296167511097299     
  0.17999999999999999       0.73024928328536365     
  0.18099999999999999       0.72752621602605150     
  0.18200000000000000       0.72479251735017070     
  0.18300000000000000       0.72204823119394934     
  0.18400000000000000       0.71929340141279507     
  0.18500000000000000       0.71652807178137978     
  0.18600000000000000       0.71375228599372453     
  0.18700000000000000       0.71096608766328484     
  0.18800000000000000       0.70816952032303526     
  0.18900000000000000       0.70536262742555478     
  0.19000000000000000       0.70254545234311150     
  0.19100000000000000       0.69971803836774771     
  0.19200000000000000       0.69688042871136480     
  0.19300000000000000       0.69403266650580875     
  0.19400000000000001       0.69117479480295430     
  0.19500000000000001       0.68830685657479040     
  0.19600000000000001       0.68542889471350510     
  0.19700000000000001       0.68254095203157084     
  0.19800000000000001       0.67964307126182855     
  0.19900000000000001       0.67673529505757357     
  0.20000000000000001       0.67381766599264015     
  0.20100000000000001       0.67089022656148634     
  0.20200000000000001       0.66795301917927907     
  0.20300000000000001       0.66500608618197943     
  0.20400000000000001       0.66204946982642676     
  0.20500000000000002       0.65908321229042455     
  0.20600000000000002       0.65610735567282463     
  0.20700000000000002       0.65312194199361251     
  0.20800000000000002       0.65012701319399224     
  0.20899999999999999       0.64712261113647129     
  0.20999999999999999       0.64410877760494534     
  0.21099999999999999       0.64108555430478320     
  0.21199999999999999       0.63805298286291212     
  0.21299999999999999       0.63501110482790213     
  0.21400000000000000       0.63195996167005120     
  0.21500000000000000       0.62889959478147006     
  0.21600000000000000       0.62583004547616716     
  0.21700000000000000       0.62275135499013334     
  0.21800000000000000       0.61966356448142690     
  0.21900000000000000       0.61656671503025817     
  0.22000000000000000       0.61346084763907471     
  0.22100000000000000       0.61034600323264587     
  0.22200000000000000       0.60722222265814774     
  0.22300000000000000       0.60408954668524772     
  0.22400000000000000       0.60094801600618974     
  0.22500000000000001       0.59779767123587879     
  0.22600000000000001       0.59463855291196566     
  0.22700000000000001       0.59147070149493153     
  0.22800000000000001       0.58829415736817359     
  0.22900000000000001       0.58510896083808872     
  0.23000000000000001       0.58191515213415901     
  0.23100000000000001       0.57871277140903565     
  0.23200000000000001       0.57550185873862492     
  0.23300000000000001       0.57228245412217160     
  0.23400000000000001       0.56905459748234444     
  0.23500000000000001       0.56581832866532078     
  0.23600000000000002       0.56257368744087066     
  0.23700000000000002       0.55932071350244239     
  0.23800000000000002       0.55605944646724637     
  0.23900000000000002       0.55278992587634024     
  0.23999999999999999       0.54951219119471317     
  0.24099999999999999       0.54622628181137090     
  0.24199999999999999       0.54293223703941984     
  0.24299999999999999       0.53963009611615198     
  0.24399999999999999       0.53631989820312920     
  0.24500000000000000       0.53300168238626822     
  0.24600000000000000       0.52967548767592498     
  0.24700000000000000       0.52634135300697882     
  0.24800000000000000       0.52299931723891746     
  0.24900000000000000       0.51964941915592144     
  0.25000000000000000       0.51629169746694814     
  0.25100000000000000       0.51292619080581703     
  0.25200000000000000       0.50955293773129318     
  0.25300000000000000       0.50617197672717296     
  0.25400000000000000       0.50278334620236675     
  0.25500000000000000       0.49938708449098546     
  0.25600000000000001       0.49598322985242266     
  0.25700000000000001       0.49257182047144105     
  0.25800000000000001       0.48915289445825505     
  0.25900000000000001       0.48572648984861638     
  0.26000000000000001       0.48229264460389809     
  0.26100000000000001       0.47885139661117837     
  0.26200000000000001       0.47540278368332539     
  0.26300000000000001       0.47194684355908134     
  0.26400000000000001       0.46848361390314675     
  0.26500000000000001       0.46501313230626479     
  0.26600000000000001       0.46153543628530536     
  0.26700000000000002       0.45805056328334942     
  0.26800000000000002       0.45455855066977291     
  0.26900000000000002       0.45105943574033142     
  0.27000000000000002       0.44755325571724386     
  0.27100000000000002       0.44404004774927680     
  0.27200000000000002       0.44051984891182849     
  0.27300000000000002       0.43699269620701320     
  0.27400000000000002       0.43345862656374479     
  0.27500000000000002       0.42991767683782145     
  0.27600000000000002       0.42636988381200902     
  0.27700000000000002       0.42281528419612568     
  0.27800000000000002       0.41925391462712508     
  0.27900000000000003       0.41568581166918150     
  0.28000000000000003       0.41211101181377280     
  0.28100000000000003       0.40852955147976433     
  0.28200000000000003       0.40494146701349387     
  0.28300000000000003       0.40134679468885442     
  0.28400000000000003       0.39774557070737848     
  0.28500000000000003       0.39413783119832224     
  0.28600000000000003       0.39052361221874859     
  0.28700000000000003       0.38690294975361189     
  0.28800000000000003       0.38327587971584071     
  0.28899999999999998       0.37964243794642294     
  0.28999999999999998       0.37600266021448758     
  0.29099999999999998       0.37235658221739054     
  0.29199999999999998       0.36870423958079712     
  0.29299999999999998       0.36504566785876591     
  0.29399999999999998       0.36138090253383226     
  0.29499999999999998       0.35770997901709256     
  0.29599999999999999       0.35403293264828672     
  0.29699999999999999       0.35034979869588312     
  0.29799999999999999       0.34666061235716111     
  0.29899999999999999       0.34296540875829473     
  0.29999999999999999       0.33926422295443642     
  0.30099999999999999       0.33555708992980060     
  0.30199999999999999       0.33184404459774691     
  0.30299999999999999       0.32812512180086340     
  0.30399999999999999       0.32440035631105052     
  0.30499999999999999       0.32066978282960407     
  0.30599999999999999       0.31693343598729862     
  0.30700000000000000       0.31319135034447093     
  0.30800000000000000       0.30944356039110316     
  0.30900000000000000       0.30569010054690626     
  0.31000000000000000       0.30193100516140303     
  0.31100000000000000       0.29816630851401182     
  0.31200000000000000       0.29439604481412879     
  0.31300000000000000       0.29062024820121207     
  0.31400000000000000       0.28683895274486432     
  0.31500000000000000       0.28305219244491614     
  0.31600000000000000       0.27926000123150907     
  0.31700000000000000       0.27546241296517848     
  0.31800000000000000       0.27165946143693681     
  0.31900000000000001       0.26785118036835659     
  0.32000000000000001       0.26403760341165328     
  0.32100000000000001       0.26021876414976841     
  0.32200000000000001       0.25639469609645232     
  0.32300000000000001       0.25256543269634690     
  0.32400000000000001       0.24873100732506911     
  0.32500000000000001       0.24489145328929318     
  0.32600000000000001       0.24104680382683372     
  0.32700000000000001       0.23719709210672835     
  0.32800000000000001       0.23334235122932070     
  0.32900000000000001       0.22948261422634264     
  0.33000000000000002       0.22561791406099777     
  0.33100000000000002       0.22174828362804336     
  0.33200000000000002       0.21787375575387333     
  0.33300000000000002       0.21399436319660051     
  0.33400000000000002       0.21011013864614023     
  0.33500000000000002       0.20622111472429125     
  0.33600000000000002       0.20232732398481984     
  0.33700000000000002       0.19842879891354132     
  0.33800000000000002       0.19452557192840278     
  0.33900000000000002       0.19061767537956548     
  0.34000000000000002       0.18670514154948778     
  0.34100000000000003       0.18278800265300638     
  0.34200000000000003       0.17886629083741948     
  0.34300000000000003       0.17494003818256920     
  0.34400000000000003       0.17100927670092325     
  0.34500000000000003       0.16707403833765758     
  0.34600000000000003       0.16313435497073864     
  0.34700000000000003       0.15919025841100531     
  0.34800000000000003       0.15524178040225084     
  0.34900000000000003       0.15128895262130584     
  0.35000000000000003       0.14733180667811954     
  0.35100000000000003       0.14337037411584194     
  0.35199999999999998       0.13940468641090634     
  0.35299999999999998       0.13543477497311032     
  0.35399999999999998       0.13146067114569926     
  0.35499999999999998       0.12748240620544699     
  0.35599999999999998       0.12350001136273753     
  0.35699999999999998       0.11951351776164819     
  0.35799999999999998       0.11552295648003033     
  0.35899999999999999       0.11152835852959138     
  0.35999999999999999       0.10752975485597703     
  0.36099999999999999       0.10352717633885207     
  0.36199999999999999       9.95206537919832851E-002
  0.36299999999999999       9.55102179633197518E-002
  0.36399999999999999       9.14958995350759613E-002
  0.36499999999999999       8.74777291238116317E-002
  0.36599999999999999       8.34557372805149328E-002
  0.36699999999999999       7.94299544906831995E-002
  0.36799999999999999       7.54004111744043526E-002
  0.36899999999999999       7.13671376864382090E-002
  0.37000000000000000       6.73301643162986657E-002
  0.37100000000000000       6.32895212883345659E-002
  0.37200000000000000       5.92452387618105925E-002
  0.37300000000000000       5.51973468309895146E-002
  0.37400000000000000       5.11458755252128111E-002
  0.37500000000000000       4.70908548089821397E-002
  0.37600000000000000       4.30323145820404040E-002
  0.37700000000000000       3.89702846794528490E-002
  0.37800000000000000       3.49047948716887935E-002
  0.37900000000000000       3.08358748647017678E-002
  0.38000000000000000       2.67635543000113163E-002
  0.38100000000000001       2.26878627547838219E-002
  0.38200000000000001       1.86088297419131632E-002
  0.38300000000000001       1.45264847101021031E-002
  0.38400000000000001       1.04408570439430224E-002
  0.38500000000000001       6.35197606399874690E-003
  0.38600000000000001       2.25987102688370153E-003
  0.38700000000000001      -1.83542887465626089E-003
  0.38800000000000001      -5.93389451166170031E-003
  0.38900000000000001      -1.00354968188798837E-002
  0.39000000000000001      -1.41402067946838420E-002
  0.39100000000000001      -1.82479955009914076E-002
  0.39200000000000002      -2.23588340631852706E-002
  0.39300000000000002      -2.64726936700314490E-002
  0.39400000000000002      -3.05895455735999064E-002
  0.39500000000000002      -3.47093610891830648E-002
  0.39600000000000002      -3.88321115952157681E-002
  0.39700000000000002      -4.29577685331949052E-002
  0.39800000000000002      -4.70863034075991935E-002
  0.39900000000000002      -5.12176877858080346E-002
  0.40000000000000002      -5.53518932980220091E-002
  0.40100000000000002      -5.94888916371825172E-002
  0.40200000000000002      -6.36286545588916480E-002
  0.40300000000000002      -6.77711538813310643E-002
  0.40400000000000003      -7.19163614851831834E-002
  0.40500000000000003      -7.60642493135498532E-002
  0.40600000000000003      -8.02147893718734989E-002
  0.40700000000000003      -8.43679537278557712E-002
  0.40800000000000003      -8.85237145113788593E-002
  0.40900000000000003      -9.26820439144245695E-002
  0.41000000000000003      -9.68429141909948332E-002
  0.41100000000000003      -0.10100629765703181     
  0.41200000000000003      -0.10517216669033794     
  0.41300000000000003      -0.10934049373049620     
  0.41400000000000003      -0.11351125127879061     
  0.41500000000000004      -0.11768441189812619     
  0.41600000000000004      -0.12185994821294906     
  0.41699999999999998      -0.12603783290916734     
  0.41799999999999998      -0.13021803873407195     
  0.41899999999999998      -0.13440053849625597     
  0.41999999999999998      -0.13858530506553537     
  0.42099999999999999      -0.14277231137287033     
  0.42199999999999999      -0.14696153041028517     
  0.42299999999999999      -0.15115293523078907     
  0.42399999999999999      -0.15534649894829686     
  0.42499999999999999      -0.15954219473754924     
  0.42599999999999999      -0.16373999583403467     
  0.42699999999999999      -0.16793987553390888     
  0.42799999999999999      -0.17214180719391631     
  0.42899999999999999      -0.17634576423131090     
  0.42999999999999999      -0.18055172012377710     
  0.43099999999999999      -0.18475964840935052     
  0.43200000000000000      -0.18896952268633926     
  0.43300000000000000      -0.19318131661324495     
  0.43400000000000000      -0.19739500390868334     
  0.43500000000000000      -0.20161055835130615     
  0.43600000000000000      -0.20582795377972146     
  0.43700000000000000      -0.21004716409241567     
  0.43800000000000000      -0.21426816324767459     
  0.43900000000000000      -0.21849092526350378     
  0.44000000000000000      -0.22271542421755167     
  0.44100000000000000      -0.22694163424702879     
  0.44200000000000000      -0.23116952954863115     
  0.44300000000000000      -0.23539908437846097     
  0.44400000000000001      -0.23963027305194748     
  0.44500000000000001      -0.24386306994376977     
  0.44600000000000001      -0.24809744948777715     
  0.44700000000000001      -0.25233338617691181     
  0.44800000000000001      -0.25657085456312989     
  0.44900000000000001      -0.26080982925732332     
  0.45000000000000001      -0.26505028492924193     
  0.45100000000000001      -0.26929219630741486     
  0.45200000000000001      -0.27353553817907222     
  0.45300000000000001      -0.27778028539006816     
  0.45400000000000001      -0.28202641284480151     
  0.45500000000000002      -0.28627389550613791     
  0.45600000000000002      -0.29052270839533317     
  0.45700000000000002      -0.29477282659195314     
  0.45800000000000002      -0.29902422523379873     
  0.45900000000000002      -0.30327687951682519     
  0.46000000000000002      -0.30753076469506591     
  0.46100000000000002      -0.31178585608055459     
  0.46200000000000002      -0.31604212904324752     
  0.46300000000000002      -0.32029955901094548     
  0.46400000000000002      -0.32455812146921631     
  0.46500000000000002      -0.32881779196131761     
  0.46600000000000003      -0.33307854608811971     
  0.46700000000000003      -0.33734035950802643     
  0.46800000000000003      -0.34160320793690008     
  0.46900000000000003      -0.34586706714798154     
  0.47000000000000003      -0.35013191297181595     
  0.47100000000000003      -0.35439772129617236     
  0.47200000000000003      -0.35866446806596819     
  0.47300000000000003      -0.36293212928319202     
  0.47400000000000003      -0.36720068100682640     
  0.47500000000000003      -0.37147009935276976     
  0.47600000000000003      -0.37574036049376075     
  0.47700000000000004      -0.38001144065930031     
  0.47800000000000004      -0.38428331613557570     
  0.47900000000000004      -0.38855596326538211     
  0.47999999999999998      -0.39282935844804701     
  0.48099999999999998      -0.39710347813935315     
  0.48199999999999998      -0.40137829885146142     
  0.48299999999999998      -0.40565379715283445     
  0.48399999999999999      -0.40992994966815971     
  0.48499999999999999      -0.41420673307827294     
  0.48599999999999999      -0.41848412412008185     
  0.48699999999999999      -0.42276209958648903     
  0.48799999999999999      -0.42704063632631656     
  0.48899999999999999      -0.43131971124422841     
  0.48999999999999999      -0.43559930130065422     
  0.49099999999999999      -0.43987938351171341     
  0.49199999999999999      -0.44415993494913919     
  0.49299999999999999      -0.44844093274020158     
  0.49399999999999999      -0.45272235406763089     
  0.49500000000000000      -0.45700417616954331     
  0.49600000000000000      -0.46128637633936309     
  0.49700000000000000      -0.46556893192574689     
  0.49800000000000000      -0.46985182033250872     
  0.49900000000000000      -0.47413501901854216     
  0.50000000000000000      -0.47841850549774689     
  0.50100000000000000      -0.48270225733895039     
  0.50200000000000000      -0.48698625216583374     
  0.50300000000000000      -0.49127046765685589     
  0.50400000000000000      -0.49555488154517630     
  0.50500000000000000      -0.49983947161858111     
  0.50600000000000001      -0.50412421571940702     
  0.50700000000000001      -0.50840909174446558     
  0.50800000000000001      -0.51269407764496744     
  0.50900000000000001      -0.51697915142644635     
  0.51000000000000001      -0.52126429114868633     
  0.51100000000000001      -0.52554947492564286     
  0.51200000000000001      -0.52983468092537001     
  0.51300000000000001      -0.53411988736994453     
  0.51400000000000001      -0.53840507253539005     
  0.51500000000000001      -0.54269021475160195     
  0.51600000000000001      -0.54697529240227372     
  0.51700000000000002      -0.55126028392481985     
  0.51800000000000002      -0.55554516781030294     
  0.51900000000000002      -0.55982992260335618     
  0.52000000000000002      -0.56411452690211061     
  0.52100000000000002      -0.56839895935812002     
  0.52200000000000002      -0.57268319867628426     
  0.52300000000000002      -0.57696722361477704     
  0.52400000000000002      -0.58125101298496928     
  0.52500000000000002      -0.58553454565135610     
  0.52600000000000002      -0.58981780053148014     
  0.52700000000000002      -0.59410075659585826     
  0.52800000000000002      -0.59838339286790820     
  0.52900000000000003      -0.60266568842387114     
  0.53000000000000003      -0.60694762239274014     
  0.53100000000000003      -0.61122917395618448     
  0.53200000000000003      -0.61551032234847469     
  0.53300000000000003      -0.61979104685641051     
  0.53400000000000003      -0.62407132681924371     
  0.53500000000000003      -0.62835114162860650     
  0.53600000000000003      -0.63263047072843659     
  0.53700000000000003      -0.63690929361490189     
  0.53800000000000003      -0.64118758983632873     
  0.53900000000000003      -0.64546533899312597     
  0.54000000000000004      -0.64974252073771310     
  0.54100000000000004      -0.65401911477444352     
  0.54200000000000004      -0.65829510085953380     
  0.54300000000000004      -0.66257045880098753     
  0.54400000000000004      -0.66684516845852404     
  0.54500000000000004      -0.67111920974350170     
  0.54600000000000004      -0.67539256261884739     
  0.54700000000000004      -0.67966520709898048     
  0.54800000000000004      -0.68393712324974199     
  0.54900000000000004      -0.68820829118831783     
  0.55000000000000004      -0.69247869108316884     
  0.55100000000000005      -0.69674830315395375     
  0.55200000000000005      -0.70101710767146064     
  0.55300000000000005      -0.70528508495752951     
  0.55400000000000005      -0.70955221538497981     
  0.55500000000000005      -0.71381847937754039     
  0.55600000000000005      -0.71808385740977276     
  0.55700000000000005      -0.72234833000699961     
  0.55800000000000005      -0.72661187774523239     
  0.55900000000000005      -0.73087448125109689     
  0.56000000000000005      -0.73513612120176186     
  0.56100000000000005      -0.73939677832486606     
  0.56200000000000006      -0.74365643339844389     
  0.56300000000000006      -0.74791506725085499     
  0.56400000000000006      -0.75217266076070954     
  0.56500000000000006      -0.75642919485679760     
  0.56600000000000006      -0.76068465051801493     
  0.56700000000000006      -0.76493900877329069     
  0.56800000000000006      -0.76919225070151642     
  0.56900000000000006      -0.77344435743147277     
  0.57000000000000006      -0.77769531014175575     
  0.57100000000000006      -0.78194509006070734     
  0.57200000000000006      -0.78619367846634047     
  0.57300000000000006      -0.79044105668626952     
  0.57400000000000007      -0.79468720609763521     
  0.57500000000000007      -0.79893210812703552     
  0.57600000000000007      -0.80317574425045146     
  0.57699999999999996      -0.80741809599317582     
  0.57799999999999996      -0.81165914492974223     
  0.57899999999999996      -0.81589887268385264     
  0.57999999999999996      -0.82013726092830352     
  0.58099999999999996      -0.82437429138491791     
  0.58199999999999996      -0.82860994582447101     
  0.58299999999999996      -0.83284420606661935     
  0.58399999999999996      -0.83707705397982912     
  0.58499999999999996      -0.84130847148130505     
  0.58599999999999997      -0.84553844053691851     
  0.58699999999999997      -0.84976694316113588     
  0.58799999999999997      -0.85399396141694772     
  0.58899999999999997      -0.85821947741579763     
  0.58999999999999997      -0.86244347331750992     
  0.59099999999999997      -0.86666593133021941     
  0.59199999999999997      -0.87088683371029962     
  0.59299999999999997      -0.87510616276229358     
  0.59399999999999997      -0.87932390083883916     
  0.59499999999999997      -0.88354003034060102     
  0.59599999999999997      -0.88775453371619972     
  0.59699999999999998      -0.89196739346213827     
  0.59799999999999998      -0.89617859212273421     
  0.59899999999999998      -0.90038811229004789     
  0.59999999999999998      -0.90459593660381066     
  0.60099999999999998      -0.90880204775135498     
  0.60199999999999998      -0.91300642846754532     
  0.60299999999999998      -0.91720906153470438     
  0.60399999999999998      -0.92140992978254532     
  0.60499999999999998      -0.92560901608810109     
  0.60599999999999998      -0.92980630337565229     
  0.60699999999999998      -0.93400177461665868     
  0.60799999999999998      -0.93819541282968699     
  0.60899999999999999      -0.94238720108034402     
  0.60999999999999999      -0.94657712248120263     
  0.61099999999999999      -0.95076516019173374     
  0.61199999999999999      -0.95495129741823626     
  0.61299999999999999      -0.95913551741376635     
  0.61399999999999999      -0.96331780347806817     
  0.61499999999999999      -0.96749813895750392     
  0.61599999999999999      -0.97167650724498289     
  0.61699999999999999      -0.97585289177989343     
  0.61799999999999999      -0.98002727604803186     
  0.61899999999999999      -0.98419964358153400     
  0.62000000000000000      -0.98836997795880466     
  0.62100000000000000      -0.99253826280444712     
  0.62200000000000000      -0.99670448178919735     
  0.62300000000000000       -1.0008686186298494     
  0.62400000000000000       -1.0050306570891909     
  0.62500000000000000       -1.0091905809759298     
  0.62600000000000000       -1.0133483741446279     
  0.62700000000000000       -1.0175040204956296     
  0.62800000000000000       -1.0216575039749949     
  0.62900000000000000       -1.0258088085744290     
  0.63000000000000000       -1.0299579183312115     
  0.63100000000000001       -1.0341048173281311     
  0.63200000000000001       -1.0382494896934147     
  0.63300000000000001       -1.0423919196006570     
  0.63400000000000001       -1.0465320912687555     
  0.63500000000000001       -1.0506699889618383     
  0.63600000000000001       -1.0548055969891965     
  0.63700000000000001       -1.0589388997052158     
  0.63800000000000001       -1.0630698815093087     
  0.63900000000000001       -1.0671985268458433     
  0.64000000000000001       -1.0713248202040779     
  0.64100000000000001       -1.0754487461180902     
  0.64200000000000002       -1.0795702891667114     
  0.64300000000000002       -1.0836894339734555     
  0.64400000000000002       -1.0878061652064506     
  0.64500000000000002       -1.0919204675783745     
  0.64600000000000002       -1.0960323258463824     
  0.64700000000000002       -1.1001417248120413     
  0.64800000000000002       -1.1042486493212607     
  0.64900000000000002       -1.1083530842642246     
  0.65000000000000002       -1.1124550145753260     
  0.65100000000000002       -1.1165544252330948     
  0.65200000000000002       -1.1206513012601333     
  0.65300000000000002       -1.1247456277230479     
  0.65400000000000003       -1.1288373897323796     
  0.65500000000000003       -1.1329265724425384     
  0.65600000000000003       -1.1370131610517358     
  0.65700000000000003       -1.1410971408019155     
  0.65800000000000003       -1.1451784969786865     
  0.65900000000000003       -1.1492572149112568     
  0.66000000000000003       -1.1533332799723663     
  0.66100000000000003       -1.1574066775782161     
  0.66200000000000003       -1.1614773931884061     
  0.66300000000000003       -1.1655454123058635     
  0.66400000000000003       -1.1696107204767792     
  0.66500000000000004       -1.1736733032905378     
  0.66600000000000004       -1.1777331463796525     
  0.66700000000000004       -1.1817902354196976     
  0.66800000000000004       -1.1858445561292412     
  0.66900000000000004       -1.1898960942697796     
  0.67000000000000004       -1.1939448356456677     
  0.67100000000000004       -1.1979907661040565     
  0.67200000000000004       -1.2020338715348229     
  0.67300000000000004       -1.2060741378705040     
  0.67400000000000004       -1.2101115510862315     
  0.67500000000000004       -1.2141460971996636     
  0.67600000000000005       -1.2181777622709209     
  0.67700000000000005       -1.2222065324025173     
  0.67800000000000005       -1.2262323937392965     
  0.67900000000000005       -1.2302553324683632     
  0.68000000000000005       -1.2342753348190172     
  0.68100000000000005       -1.2382923870626892     
  0.68200000000000005       -1.2423064755128734     
  0.68300000000000005       -1.2463175865250604     
  0.68400000000000005       -1.2503257064966731     
  0.68500000000000005       -1.2543308218670008     
  0.68600000000000005       -1.2583329191171311     
  0.68700000000000006       -1.2623319847698866     
  0.68800000000000006       -1.2663280053897570     
  0.68900000000000006       -1.2703209675828357     
  0.69000000000000006       -1.2743108579967517     
  0.69100000000000006       -1.2782976633206069     
  0.69200000000000006       -1.2822813702849072     
  0.69300000000000006       -1.2862619656615002     
  0.69400000000000006       -1.2902394362635072     
  0.69500000000000006       -1.2942137689452600     
  0.69600000000000006       -1.2981849506022340     
  0.69700000000000006       -1.3021529681709840     
  0.69800000000000006       -1.3061178086290790     
  0.69900000000000007       -1.3100794589950353     
  0.70000000000000007       -1.3140379063282546     
  0.70100000000000007       -1.3179931377289555     
  0.70200000000000007       -1.3219451403381124     
  0.70300000000000007       -1.3258939013373865     
  0.70399999999999996       -1.3298394079490645     
  0.70499999999999996       -1.3337816474359918     
  0.70599999999999996       -1.3377206071015082     
  0.70699999999999996       -1.3416562742893836     
  0.70799999999999996       -1.3455886363837528     
  0.70899999999999996       -1.3495176808090514     
  0.70999999999999996       -1.3534433950299518     
  0.71099999999999997       -1.3573657665512979     
  0.71199999999999997       -1.3612847829180417     
  0.71299999999999997       -1.3652004317151771     
  0.71399999999999997       -1.3691127005676775     
  0.71499999999999997       -1.3730215771404319     
  0.71599999999999997       -1.3769270491381784     
  0.71699999999999997       -1.3808291043054433     
  0.71799999999999997       -1.3847277304264740     
  0.71899999999999997       -1.3886229153251772     
  0.71999999999999997       -1.3925146468650542     
  0.72099999999999997       -1.3964029129491369     
  0.72199999999999998       -1.4002877015199249     
  0.72299999999999998       -1.4041690005593208     
  0.72399999999999998       -1.4080467980885656     
  0.72499999999999998       -1.4119210821681789     
  0.72599999999999998       -1.4157918408978913     
  0.72699999999999998       -1.4196590624165821     
  0.72799999999999998       -1.4235227349022170     
  0.72899999999999998       -1.4273828465717837     
  0.72999999999999998       -1.4312393856812282     
  0.73099999999999998       -1.4350923405253937     
  0.73199999999999998       -1.4389416994379549     
  0.73299999999999998       -1.4427874507913554     
  0.73399999999999999       -1.4466295829967455     
  0.73499999999999999       -1.4504680845039188     
  0.73599999999999999       -1.4543029438012489     
  0.73699999999999999       -1.4581341494156281     
  0.73799999999999999       -1.4619616899124006     
  0.73899999999999999       -1.4657855538953051     
  0.73999999999999999       -1.4696057300064072     
  0.74099999999999999       -1.4734222069260401     
  0.74199999999999999       -1.4772349733727403     
  0.74299999999999999       -1.4810440181031850     
  0.74399999999999999       -1.4848493299121313     
  0.74500000000000000       -1.4886508976323509     
  0.74600000000000000       -1.4924487101345709     
  0.74700000000000000       -1.4962427563274094     
  0.74800000000000000       -1.5000330251573133     
  0.74900000000000000       -1.5038195056084966     
  0.75000000000000000       -1.5076021867028795     
  0.75100000000000000       -1.5113810575000237     
  0.75200000000000000       -1.5151561070970716     
  0.75300000000000000       -1.5189273246286858     
  0.75400000000000000       -1.5226946992669852     
  0.75500000000000000       -1.5264582202214834     
  0.75600000000000001       -1.5302178767390269     
  0.75700000000000001       -1.5339736581037353     
  0.75800000000000001       -1.5377255536369372     
  0.75900000000000001       -1.5414735526971093     
  0.76000000000000001       -1.5452176446798156     
  0.76100000000000001       -1.5489578190176447     
  0.76200000000000001       -1.5526940651801502     
  0.76300000000000001       -1.5564263726737859     
  0.76400000000000001       -1.5601547310418491     
  0.76500000000000001       -1.5638791298644157     
  0.76600000000000001       -1.5675995587582807     
  0.76700000000000002       -1.5713160073768955     
  0.76800000000000002       -1.5750284654103093     
  0.76900000000000002       -1.5787369225851062     
  0.77000000000000002       -1.5824413686643444     
  0.77100000000000002       -1.5861417934474957     
  0.77200000000000002       -1.5898381867703850     
  0.77300000000000002       -1.5935305385051284     
  0.77400000000000002       -1.5972188385600734     
  0.77500000000000002       -1.6009030768797385     
  0.77600000000000002       -1.6045832434447507     
  0.77700000000000002       -1.6082593282717874     
  0.77800000000000002       -1.6119313214135149     
  0.77900000000000003       -1.6155992129585270     
  0.78000000000000003       -1.6192629930312858     
  0.78100000000000003       -1.6229226517920614     
  0.78200000000000003       -1.6265781794368703     
  0.78300000000000003       -1.6302295661974173     
  0.78400000000000003       -1.6338768023410339     
  0.78500000000000003       -1.6375198781706184     
  0.78600000000000003       -1.6411587840245754     
  0.78700000000000003       -1.6447935102767577     
  0.78800000000000003       -1.6484240473364040     
  0.78900000000000003       -1.6520503856480808     
  0.79000000000000004       -1.6556725156916221     
  0.79100000000000004       -1.6592904279820693     
  0.79200000000000004       -1.6629041130696114     
  0.79300000000000004       -1.6665135615395263     
  0.79400000000000004       -1.6701187640121204     
  0.79500000000000004       -1.6737197111426705     
  0.79600000000000004       -1.6773163936213613     
  0.79700000000000004       -1.6809088021732299     
  0.79800000000000004       -1.6844969275581030     
  0.79900000000000004       -1.6880807605705401     
  0.80000000000000004       -1.6916602920397741     
  0.80100000000000005       -1.6952355128296492     
  0.80200000000000005       -1.6988064138385675     
  0.80300000000000005       -1.7023729859994225     
  0.80400000000000005       -1.7059352202795475     
  0.80500000000000005       -1.7094931076806519     
  0.80600000000000005       -1.7130466392387644     
  0.80700000000000005       -1.7165958060241728     
  0.80800000000000005       -1.7201405991413667     
  0.80900000000000005       -1.7236810097289788     
  0.81000000000000005       -1.7272170289597248     
  0.81100000000000005       -1.7307486480403458     
  0.81200000000000006       -1.7342758582115505     
  0.81300000000000006       -1.7377986507479559     
  0.81400000000000006       -1.7413170169580272     
  0.81500000000000006       -1.7448309481840250     
  0.81600000000000006       -1.7483404358019405     
  0.81700000000000006       -1.7518454712214402     
  0.81800000000000006       -1.7553460458858092     
  0.81900000000000006       -1.7588421512718908     
  0.82000000000000006       -1.7623337788900300     
  0.82100000000000006       -1.7658209202840132     
  0.82200000000000006       -1.7693035670310144     
  0.82300000000000006       -1.7727817107415327     
  0.82400000000000007       -1.7762553430593382     
  0.82500000000000007       -1.7797244556614118     
  0.82600000000000007       -1.7831890402578894     
  0.82700000000000007       -1.7866490885920026     
  0.82800000000000007       -1.7901045924400218     
  0.82900000000000007       -1.7935555436112003     
  0.83000000000000007       -1.7970019339477137     
  0.83100000000000007       -1.8004437553246060     
  0.83200000000000007       -1.8038809996497280     
  0.83299999999999996       -1.8073136588636847     
  0.83399999999999996       -1.8107417249397764     
  0.83499999999999996       -1.8141651898839386     
  0.83599999999999997       -1.8175840457346895     
  0.83699999999999997       -1.8209982845630708     
  0.83799999999999997       -1.8244078984725889     
  0.83899999999999997       -1.8278128795991624     
  0.83999999999999997       -1.8312132201110625     
  0.84099999999999997       -1.8346089122088540     
  0.84199999999999997       -1.8379999481253446     
  0.84299999999999997       -1.8413863201255214     
  0.84399999999999997       -1.8447680205065000     
  0.84499999999999997       -1.8481450415974647     
  0.84599999999999997       -1.8515173757596124     
  0.84699999999999998       -1.8548850153860974     
  0.84799999999999998       -1.8582479529019735     
  0.84899999999999998       -1.8616061807641393     
  0.84999999999999998       -1.8649596914612798     
  0.85099999999999998       -1.8683084775138121     
  0.85199999999999998       -1.8716525314738290     
  0.85299999999999998       -1.8749918459250423     
  0.85399999999999998       -1.8783264134827269     
  0.85499999999999998       -1.8816562267936636     
  0.85599999999999998       -1.8849812785360873     
  0.85699999999999998       -1.8883015614196259     
  0.85799999999999998       -1.8916170681852484     
  0.85899999999999999       -1.8949277916052074     
  0.85999999999999999       -1.8982337244829832     
  0.86099999999999999       -1.9015348596532287     
  0.86199999999999999       -1.9048311899817156     
  0.86299999999999999       -1.9081227083652754     
  0.86399999999999999       -1.9114094077317461     
  0.86499999999999999       -1.9146912810399170     
  0.86599999999999999       -1.9179683212794727     
  0.86699999999999999       -1.9212405214709380     
  0.86799999999999999       -1.9245078746656219     
  0.86899999999999999       -1.9277703739455647     
  0.87000000000000000       -1.9310280124234807     
  0.87100000000000000       -1.9342807832427036     
  0.87200000000000000       -1.9375286795771327     
  0.87300000000000000       -1.9407716946311757     
  0.87400000000000000       -1.9440098216396973     
  0.87500000000000000       -1.9472430538679613     
  0.87600000000000000       -1.9504713846115764     
  0.87700000000000000       -1.9536948071964435     
  0.87800000000000000       -1.9569133149786984     
  0.87900000000000000       -1.9601269013446594     
  0.88000000000000000       -1.9633355597107709     
  0.88100000000000001       -1.9665392835235518     
  0.88200000000000001       -1.9697380662595372     
  0.88300000000000001       -1.9729319014252278     
  0.88400000000000001       -1.9761207825570324     
  0.88500000000000001       -1.9793047032212174     
  0.88600000000000001       -1.9824836570138480     
  0.88700000000000001       -1.9856576375607387     
  0.88800000000000001       -1.9888266385173958     
  0.88900000000000001       -1.9919906535689664     
  0.89000000000000001       -1.9951496764301813     
  0.89100000000000001       -1.9983037008453040     
  0.89200000000000002       -2.0014527205880746     
  0.89300000000000002       -2.0045967294616576     
  0.89400000000000002       -2.0077357212985882     
  0.89500000000000002       -2.0108696899607166     
  0.89600000000000002       -2.0139986293391585     
  0.89700000000000002       -2.0171225333542373     
  0.89800000000000002       -2.0202413959554333     
  0.89900000000000002       -2.0233552111213284     
  0.90000000000000002       -2.0264639728595553     
  0.90100000000000002       -2.0295676752067413     
  0.90200000000000002       -2.0326663122284581     
  0.90300000000000002       -2.0357598780191659     
  0.90400000000000003       -2.0388483667021613     
  0.90500000000000003       -2.0419317724295265     
  0.90600000000000003       -2.0450100893820706     
  0.90700000000000003       -2.0480833117692847     
  0.90800000000000003       -2.0511514338292813     
  0.90900000000000003       -2.0542144498287467     
  0.91000000000000003       -2.0572723540628850     
  0.91100000000000003       -2.0603251408553680     
  0.91200000000000003       -2.0633728045582806     
  0.91300000000000003       -2.0664153395520697     
  0.91400000000000003       -2.0694527402454894     
  0.91500000000000004       -2.0724850010755533     
  0.91600000000000004       -2.0755121165074755     
  0.91700000000000004       -2.0785340810346229     
  0.91800000000000004       -2.0815508891784624     
  0.91900000000000004       -2.0845625354885065     
  0.92000000000000004       -2.0875690145422650     
  0.92100000000000004       -2.0905703209451865     
  0.92200000000000004       -2.0935664493306145     
  0.92300000000000004       -2.0965573943597287     
  0.92400000000000004       -2.0995431507214959     
  0.92500000000000004       -2.1025237131326184     
  0.92600000000000005       -2.1054990763374812     
  0.92700000000000005       -2.1084692351081000     
  0.92800000000000005       -2.1114341842440707     
  0.92900000000000005       -2.1143939185725169     
  0.93000000000000005       -2.1173484329480394     
  0.93100000000000005       -2.1202977222526629     
  0.93200000000000005       -2.1232417813957847     
  0.93300000000000005       -2.1261806053141257     
  0.93400000000000005       -2.1291141889716756     
  0.93500000000000005       -2.1320425273596442     
  0.93600000000000005       -2.1349656154964096     
  0.93700000000000006       -2.1378834484274667     
  0.93800000000000006       -2.1407960212253743     
  0.93900000000000006       -2.1437033289897078     
  0.94000000000000006       -2.1466053668470062     
  0.94100000000000006       -2.1495021299507187     
  0.94200000000000006       -2.1523936134811583     
  0.94300000000000006       -2.1552798126454489     
  0.94400000000000006       -2.1581607226774735     
  0.94500000000000006       -2.1610363388378251     
  0.94600000000000006       -2.1639066564137543     
  0.94700000000000006       -2.1667716707191218     
  0.94800000000000006       -2.1696313770943436     
  0.94900000000000007       -2.1724857709063436     
  0.95000000000000007       -2.1753348475485024     
  0.95100000000000007       -2.1781786024406062     
  0.95200000000000007       -2.1810170310287980     
  0.95300000000000007       -2.1838501287855250     
  0.95400000000000007       -2.1866778912094915     
  0.95500000000000007       -2.1895003138256053     
  0.95600000000000007       -2.1923173921849299     
  0.95700000000000007       -2.1951291218646340     
  0.95800000000000007       -2.1979354984679418     
  0.95900000000000007       -2.2007365176240818     
  0.95999999999999996       -2.2035321749882373     
  0.96099999999999997       -2.2063224662414993     
  0.96199999999999997       -2.2091073870908122     
  0.96299999999999997       -2.2118869332689273     
  0.96399999999999997       -2.2146611005343524     
  0.96499999999999997       -2.2174298846713025     
  0.96599999999999997       -2.2201932814896486     
  0.96699999999999997       -2.2229512868248711     
  0.96799999999999997       -2.2257038965380058     
  0.96899999999999997       -2.2284511065156019     
  0.96999999999999997       -2.2311929126696644     
  0.97099999999999997       -2.2339293109376110     
  0.97199999999999998       -2.2366602972822207     
  0.97299999999999998       -2.2393858676915830     
  0.97399999999999998       -2.2421060181790526     
  0.97499999999999998       -2.2448207447831963     
  0.97599999999999998       -2.2475300435677465     
  0.97699999999999998       -2.2502339106215548     
  0.97799999999999998       -2.2529323420585348     
  0.97899999999999998       -2.2556253340176240     
  0.97999999999999998       -2.2583128826627257     
  0.98099999999999998       -2.2609949841826675     
  0.98199999999999998       -2.2636716347911463     
  0.98299999999999998       -2.2663428307266873     
  0.98399999999999999       -2.2690085682525867     
  0.98499999999999999       -2.2716688436568715     
  0.98599999999999999       -2.2743236532522455     
  0.98699999999999999       -2.2769729933760421     
  0.98799999999999999       -2.2796168603901799     
  0.98899999999999999       -2.2822552506811076     
  0.98999999999999999       -2.2848881606597620     
  0.99099999999999999       -2.2875155867615167     
  0.99199999999999999       -2.2901375254461356     
  0.99299999999999999       -2.2927539731977236     
  0.99399999999999999       -2.2953649265246785     
  0.99500000000000000       -2.2979703819596455     
  0.99600000000000000       -2.3005703360594660     
  0.99700000000000000       -2.3031647854051327     
  0.99800000000000000       -2.3057537266017403     
  0.99900000000000000       -2.3083371562784389     
   1.0000000000000000       -2.3109150710883846     
