Raiz:
           1  0.60000002    
           2  0.35000002    
           3  0.60000002    
           4  0.47500002    
           5  0.60000002    
           6  0.53750002    
           7  0.50625002    
           8  0.53750002    
           9  0.52187502    
          10  0.53750002    
          11  0.52968752    
          12  0.52578127    
          13  0.52968752    
          14  0.52773440    
          15  0.52968752    
          16  0.52871096    
          17  0.52822268    
          18  0.52871096    
          19  0.52846682    
          20  0.52834475    
          21  0.52846682    
          22  0.52840579    
          23  0.52846682    
          24  0.52843630    
          25  0.52842104    
          26  0.52843630    
          27  0.52842867    
          28  0.52843630    
          29  0.52843249    
          30  0.52843058    
          31  0.52843249    
