           1   1.5000000       32.917961     %
           2   2.0000000       10.557282     %
           3   2.5000000       11.803397     %
           4   2.2500000      0.62305748     %
           5   2.1250000       4.9671125     %
           6   2.2500000      0.62305748     %
           7   2.1875000       2.1720273     %
           8   2.2500000      0.62305748     %
           9   2.2187500      0.77448493     %
          10   2.2500000      0.62305748     %
          11   2.2343750      7.57137239E-02 %
          12   2.2500000      0.62305748     %
          13   2.2421875      0.27367190     %
          14   2.2382813      9.89790857E-02 %
          15   2.2363281      1.16326818E-02 %
          16   2.2353516      3.20405215E-02 %
          17   2.2363281      1.16326818E-02 %
          18   2.2358398      1.02039194E-02 %
          19   2.2363281      1.16326818E-02 %
          20   2.2360840      7.14380993E-04 %
          21   2.2359619      4.74476907E-03 %
          22   2.2360840      7.14380993E-04 %
          23   2.2360229      2.01519416E-03 %
          24   2.2360840      7.14380993E-04 %
          25   2.2360535      6.50406582E-04 %
          26   2.2360840      7.14380993E-04 %
          27   2.2360687      3.19872088E-05 %
          28   2.2360611      3.09209689E-04 %
          29   2.2360687      3.19872088E-05 %
          30   2.2360649      1.38611242E-04 %
          31   2.2360687      3.19872088E-05 %
          32   2.2360668      5.33120146E-05 %
          33   2.2360687      3.19872088E-05 %
