   0.0000000000000000     
   0.0000000000000000     
   1.1102280206400083E-016
   0.0000000000000000     
   1.1102369024997008E-016
   1.1102430088194570E-016
   1.1102502254224684E-016
   1.1102585523303849E-016
   0.0000000000000000     
   1.1102785371641897E-016
   1.1102901951500344E-016
   1.1103029635606967E-016
   1.1103168424344839E-016
   1.1103318318130349E-016
   1.1103479317413203E-016
   1.1103651422676437E-016
   0.0000000000000000     
   1.1104028953242792E-016
   1.1104234379678615E-016
   1.1104450914360225E-016
   1.1104678557937309E-016
   1.1104917311092889E-016
   1.1105167174543344E-016
   1.1105428149038383E-016
   1.1105700235361078E-016
   1.1105983434327853E-016
   1.1106277746788485E-016
   0.0000000000000000     
   0.0000000000000000     
   0.0000000000000000     
   0.0000000000000000     
   1.1107916043577554E-016
   1.1108277056715400E-016
   1.1108649190230002E-016
   1.1109032445238177E-016
   1.1109426822890145E-016
   1.1109832324369537E-016
   1.1110248950893400E-016
   1.1110676703712197E-016
   1.1111115584109825E-016
   1.1111565593403607E-016
   1.1112026732944314E-016
   0.0000000000000000     
   0.0000000000000000     
   0.0000000000000000     
   0.0000000000000000     
   0.0000000000000000     
   0.0000000000000000     
   0.0000000000000000     
   1.1116116711291897E-016
   0.0000000000000000     
   0.0000000000000000     
   0.0000000000000000     
   0.0000000000000000     
   0.0000000000000000     
   0.0000000000000000     
   0.0000000000000000     
   0.0000000000000000     
   0.0000000000000000     
   0.0000000000000000     
   1.1122905172511084E-016
   1.1123589252214427E-016
   1.1124284498268905E-016
   1.1124990912762966E-016
   1.1125708497818710E-016
   1.1126437255591873E-016
   1.1127177188271859E-016
   1.1127928298081739E-016
   1.1128690587278264E-016
   1.1129464058151881E-016
   1.1130248713026740E-016
   1.1131044554260707E-016
   2.2263703168490749E-016
   2.2265339610812150E-016
   2.2266998440403790E-016
   3.3403019493377053E-016
   2.2270383281408132E-016
   2.2272109302994911E-016
   3.3410786598300225E-016
   3.3413442861419849E-016
   3.3416132751836828E-016
   3.3418856277638272E-016
   4.4562151262683804E-016
   4.4565872357667785E-016
   4.4569638332992228E-016
   5.5716811499977427E-016
   4.4577304970097388E-016
   5.5726507068668437E-016
   5.5731439082782420E-016
   5.5736427269798364E-016
   4.4593177315776643E-016
   5.5746572222724182E-016
   5.5751729019152944E-016
   5.5756942049521602E-016
   5.5762211329514841E-016
   4.4614029499990044E-016
   4.4618334961571979E-016
   4.4622685461314146E-016
   4.4627081012309416E-016
   4.4631521627787095E-016
   4.4636007321113011E-016
   4.4640538105789534E-016
   4.4645113995455715E-016
   4.4649735003887304E-016
   4.4654401144996837E-016
   4.4659112432833702E-016
   3.3497901661188146E-016
   3.3501502879178722E-016
   3.3505137989442279E-016
   3.3508807002926949E-016
   3.3512509930683761E-016
   3.3516246783866726E-016
   2.2346678382488573E-016
   2.2349214874428181E-016
   2.2351774006038794E-016
   2.2354355785031358E-016
   2.2356960219185656E-016
   2.2359587316350349E-016
   2.2362237084442993E-016
   2.2364909531450110E-016
   3.3551406998140823E-016
   3.3555483741748255E-016
   3.3559594540287892E-016
   2.2375826270769207E-016
   2.2378612234562568E-016
   2.2381420926639748E-016
   1.1192126177735531E-016
   2.2387106529596122E-016
   2.2389983457623840E-016
   2.2392883148232519E-016
   2.2395805610169854E-016
   2.2398750852253016E-016
   2.2401718883368661E-016
   2.2404709712472989E-016
   2.2407723348591800E-016
   2.2410759800820529E-016
   2.2413819078324280E-016
   2.2416901190337896E-016
   2.2420006146165987E-016
   2.2423133955182983E-016
   2.2426284626833185E-016
   3.3644187255946217E-016
   3.3648981894240052E-016
   3.3653810869612572E-016
   2.2439116131100096E-016
   2.2442381260029544E-016
   2.2445669309727894E-016
   2.2448980290129883E-016
   3.3678471316860726E-016
   2.2455671083134984E-016
   2.2459050915959036E-016
   2.2462453719928697E-016
   2.2465879505330482E-016
   2.2469328282521433E-016
   2.2472800061929133E-016
   2.2476294854051807E-016
   2.2479812669458343E-016
   2.2483353518788350E-016
   2.2486917412752210E-016
   2.2490504362131154E-016
   2.2494114377777284E-016
   2.2497747470613646E-016
   2.2501403651634281E-016
   2.2505082931904287E-016
   2.2508785322559872E-016
   2.2512510834808386E-016
   2.2516259479928432E-016
   2.2520031269269859E-016
   1.1261913107126932E-016
   2.2527644326373044E-016
   2.2531485617191428E-016
   2.2535350098344564E-016
   2.2539237781539563E-016
   2.2543148678555163E-016
   2.2547082801241791E-016
   2.2551040161521619E-016
   2.2555020771388612E-016
   2.2559024642908621E-016
   2.2563051788219407E-016
   2.2567102219530725E-016
   1.1285587974562192E-016
   2.2575272989354304E-016
   2.2579393352646576E-016
   2.2583537051499530E-016
   2.2587704098483794E-016
   3.3887841759363551E-016
   3.3894162431236005E-016
   3.3900518182524924E-016
   2.2604606021680680E-016
   2.2608890000415951E-016
   2.2613197404228216E-016
   2.2617528246196011E-016
   2.2621882539470687E-016
   2.2626260297276481E-016
   2.2630661532910596E-016
   1.1317543129871616E-016
   1.1319767245608850E-016
   2.2644006240850459E-016
   1.1324250761115591E-016
   2.2653020349022852E-016
   1.1328781367480902E-016
   1.1331064346928904E-016
   1.1333359119797068E-016
   1.1335665693063818E-016
   0.0000000000000000     
   0.0000000000000000     
   1.1342656285592327E-016
   1.1345010130974601E-016
   1.1347375812200606E-016
   1.1349753336470233E-016
   1.1352142711020409E-016
   1.1354543943125135E-016
   1.1356957040095521E-016
   1.1359382009279831E-016
   1.1361818858063508E-016
   2.2728535187738457E-016
   2.2733456448313839E-016
   1.1369200756423809E-016
   2.2743370396408941E-016
   2.2748363114141674E-016
   2.2753379681264540E-016
   2.2758420113071158E-016
   2.2763484424930116E-016
   2.2768572632285080E-016
   3.4160527125982266E-016
   3.4168231193450135E-016
   3.4175971174335199E-016
   3.4183747092254483E-016
   3.4191558970938216E-016
   3.4199406834229915E-016
   3.4207290706086527E-016
   3.4215210610578564E-016
   2.2815444381260120E-016
   2.2820772409546239E-016
   3.4239186762277978E-016
   3.4247251040291960E-016
   3.4255351473001400E-016
   3.4263488085160687E-016
   3.4271660901638624E-016
   2.2853246631612369E-016
   3.4288115247598515E-016
   3.4296396827391321E-016
   3.4304714712124722E-016
   4.5750758569655388E-016
   3.4321459498299760E-016
   3.4329886450972712E-016
   3.4338349811049150E-016
   3.4346849604433426E-016
   3.4355385857145600E-016
   3.4363958595321576E-016
   3.4372567845213234E-016
   3.4381213633188570E-016
   3.4389895985731830E-016
   3.4398614929443639E-016
   3.4407370491041135E-016
   3.4416162697358124E-016
   3.4424991575345189E-016
   4.5911809536093148E-016
   3.4442759454716711E-016
   3.4451698510587546E-016
   4.5947565796135339E-016
   3.4469686991795204E-016
   3.4478736472322905E-016
   3.4487822816456632E-016
   3.4496946052086307E-016
   3.4506106207219924E-016
   3.4515303309983656E-016
   3.4524537388622029E-016
   3.4533808471498057E-016
   2.3028744391395572E-016
   2.3034974509338908E-016
   2.3041229353974935E-016
   2.3047508944529248E-016
   2.3053813300306931E-016
   2.3060142440692641E-016
   2.3066496385150710E-016
   2.3072875153225254E-016
   2.3079278764540249E-016
   2.3085707238799664E-016
   2.3092160595787536E-016
   2.3098638855368081E-016
   3.4657713056228716E-016
   3.4667505243248396E-016
   3.4677334874269214E-016
   4.6249602639426831E-016
   3.4697106589551086E-016
   3.4707048734733283E-016
   3.4717028445759238E-016
   4.6302727671190651E-016
   4.6316134251360299E-016
   4.6329591042864651E-016
   4.6343098087209721E-016
   4.6356655426064375E-016
   4.6370263101260576E-016
   5.7979901443491956E-016
   5.7997037036027619E-016
   5.8014235707085786E-016
   5.8031497509774475E-016
   5.8048822497406907E-016
   5.8066210723501755E-016
   5.8083662241783472E-016
   6.9721412527419000E-016
   6.9742506445002726E-016
   6.9763676508103359E-016
   8.1415743245878002E-016
   6.9806245332944888E-016
   6.9827644226352329E-016
   6.9849119528610439E-016
   6.9870671306175778E-016
   6.9892299625754849E-016
   6.9914004554304411E-016
   8.1591750518870540E-016
   8.1617251925294916E-016
   8.1642842944956227E-016
   7.0001591706122337E-016
   7.0023680692660018E-016
   7.0045846695184119E-016
   7.0068089782413073E-016
   7.0090410023318458E-016
   8.1798275401646097E-016
   8.1824495950530834E-016
   8.1850806755214155E-016
   8.1877207897348056E-016
   7.0203170964755901E-016
   7.0225955590339530E-016
   7.0248817859516646E-016
   7.0271757843296336E-016
   7.0294775612944068E-016
   7.0317871239981965E-016
   7.0341044796189260E-016
   7.0364296353602620E-016
   7.0387625984516514E-016
   7.0411033761483631E-016
   8.2173606383534423E-016
   8.2201098052595027E-016
   8.2228681147797161E-016
   8.2256355754994914E-016
   8.2284121960345811E-016
   8.2311979850311266E-016
   8.2339929511657003E-016
   8.2367971031453537E-016
   8.2396104497076619E-016
   8.2424329996207675E-016
   8.2452647616834279E-016
   7.0698049240500509E-016
   8.2509559576057841E-016
   8.2538154092164772E-016
   8.2566841084788087E-016
   8.2595620643452956E-016
   8.2624492857993430E-016
   9.4461094649774828E-016
   8.2682515615584842E-016
   9.4527618674117314E-016
   8.2740910082430742E-016
   9.4594567925376924E-016
   9.4628202272425353E-016
   9.4661943240505674E-016
   9.4695790935129078E-016
   9.4729745462164623E-016
   9.4763806927839886E-016
   9.4797975438741413E-016
   9.4832251101815372E-016
   1.0672496327741398E-015
   1.0676376485332448E-015
   1.0680268733880557E-015
   9.4970427427374196E-016
   9.5005240468126360E-016
   9.5040161310310145E-016
   9.5075190063404357E-016
   9.5110326837251982E-016
   9.5145571742060634E-016
   9.5180924888403133E-016
   9.5216386387218170E-016
   1.0715845089353718E-015
   1.0719858924883470E-015
   1.0723884987755764E-015
   1.0727923290616462E-015
   1.0731973846152927E-015
   9.5431437040836028E-016
   1.0740111766210364E-015
   1.0744199156314061E-015
   1.0748298850259091E-015
   1.0752410860941224E-015
   1.0756535201298110E-015
   1.0760671884309354E-015
   1.0764820922996580E-015
   1.0768982330423499E-015
   1.0773156119695984E-015
   1.0777342303962128E-015
   9.5835919079220607E-016
   1.0785751910279315E-015
   9.5910892078562649E-016
   1.0794211255406966E-015
   1.0798459613345573E-015
   1.0802720446057032E-015
   1.0806993766986957E-015
   1.0811279589623756E-015
   1.0815577927498687E-015
   9.6176789281652751E-016
   1.0824212203302682E-015
   1.0828548168509181E-015
   9.6292415142300638E-016
   9.6331180640428555E-016
   9.6370058114819943E-016
   9.6409047688437035E-016
   9.6448149484628076E-016
   9.6487363627128068E-016
   8.4460853960051877E-016
   9.6566129447932139E-016
   9.6605681375645539E-016
   9.6645346148487892E-016
   9.6685123892137441E-016
   9.6725014732663171E-016
   9.6765018796525322E-016
   9.6805136210576161E-016
   1.0895103798981815E-015
   1.0899642554844386E-015
   1.0904194105681157E-015
   1.0908758465940152E-015
   1.0913335650113869E-015
   1.0917925672739366E-015
   1.0922528548398323E-015
   1.0927144291717136E-015
   1.0931772917366980E-015
   1.0936414440063896E-015
   1.0941068874568859E-015
   1.0945736235687871E-015
   1.0950416538272025E-015
   1.0955109797217592E-015
   1.0959816027466096E-015
   1.0964535244004395E-015
   1.0969267461864762E-015
   1.0974012696124958E-015
   1.0978770961908322E-015
   1.0983542274383841E-015
   1.0988326648766240E-015
   1.0993124100316056E-015
   1.0997934644339718E-015
   1.2225286995766264E-015
   1.2230661190293643E-015
   1.2236049983342501E-015
   1.2241453392124865E-015
   1.1022184290513795E-015
   1.1027073713396018E-015
   1.1031976337189040E-015
   1.1036892177569398E-015
   1.1041821250260270E-015
   1.1046763571031557E-015
   1.1051719155699958E-015
   1.1056688020129063E-015
   1.1061670180229431E-015
   1.1066665651958688E-015
   1.2301860501468434E-015
   1.1076696594370128E-015
   1.1081732097203605E-015
   1.1086780975968726E-015
   1.1091843246859675E-015
   1.1096918926118212E-015
   1.1102008030033757E-015
   1.1107110574943471E-015
   1.1112226577232351E-015
   1.1117356053333314E-015
   1.1122499019727282E-015
   1.1127655492943280E-015
   9.8958448796075628E-016
   1.1138009026198450E-015
   1.1143206119536943E-015
   9.9097038100411357E-016
   9.9143475939975924E-016
   1.1158878907209448E-015
   1.1164130395050927E-015
   1.1169395523688728E-015
   9.9330438311899962E-016
   9.9377482411252230E-016
   1.1185272924284088E-015
   1.1190592786256534E-015
   1.1195926374345632E-015
   1.1201273705763155E-015
   1.1206634797770335E-015
   1.1212009667677943E-015
   1.1217398332846391E-015
   1.1222800810685819E-015
   1.1228217118656194E-015
   1.2481830304741554E-015
   1.2487879216754809E-015
   1.2493943554113318E-015
   1.2500023336439532E-015
   1.1255506725070601E-015
   1.1261006383287952E-015
   1.1266519995259008E-015
   1.2524497309828595E-015
   1.2530654613289747E-015
   1.2536827480630603E-015
   1.2543015931867040E-015
   1.2549219987071575E-015
   1.2555439666373462E-015
   1.1305507490962924E-015
   1.1311133380263605E-015
   1.1316773385908278E-015
   1.1322427526218521E-015
   1.1328095819567478E-015
   1.1333778284379947E-015
   1.1339474939132485E-015
   1.1345185802353507E-015
   1.1350910892623386E-015
   1.0094800203177382E-015
   1.0099914514570314E-015
   1.0105041522054567E-015
   1.0110181242331664E-015
   1.0115333692149762E-015
   1.0120498888303748E-015
   1.0125676847635321E-015
   1.0130867587033090E-015
   1.0136071123432662E-015
   1.0141287473816734E-015
   1.1414831237117093E-015
   1.1420728520293341E-015
   1.1426640276837665E-015
   1.0162281356505376E-015
   1.1438507287357978E-015
   1.0172855626783593E-015
   1.0178162154549810E-015
   1.1456416838102079E-015
   1.0188814082150401E-015
   1.0194159516854195E-015
   1.1474457699922586E-015
   1.1480500592553488E-015
   1.0210273914806639E-015
   1.0215671470749139E-015
   1.0221082101130880E-015
   1.0226505823700743E-015
   1.0231942656256302E-015
   1.0237392616643931E-015
   1.0242855722758889E-015
   1.0248331992545428E-015
   1.0253821443996882E-015
   1.0259324095155773E-015
   1.0264839964113904E-015
   1.0270369069012463E-015
   1.0275911428042114E-015
   1.0281467059443104E-015
   9.0011564838171922E-016
   1.0292618212568599E-015
   1.0298213771022399E-015
   1.0303822675306334E-015
   1.1598125561898814E-015
   1.0315080595373402E-015
   1.1610820854322306E-015
   1.0326392121289836E-015
   1.1623576537208731E-015
   1.1629977077679589E-015
   1.0343460248004405E-015
   1.0349176588785156E-015
   1.1649269749070350E-015
   1.1655731060379216E-015
   1.2958008464089447E-015
   1.1668699442402431E-015
   1.2972451728923285E-015
   1.2979698866788760E-015
   1.1688266736240983E-015
   1.1694819846084121E-015
   1.1701388331357360E-015
   1.1707972213837099E-015
   1.1714571515358174E-015
   1.0418832229167997E-015
   1.1727816463156662E-015
   1.1734462153397072E-015
   1.1741123350605059E-015
   1.1747800076909508E-015
   1.1754492354498477E-015
   1.1761200205619315E-015
   1.1767923652578799E-015
   1.1774662717743240E-015
   1.1781417423538617E-015
   1.0478389148845061E-015
   1.0484421197355696E-015
   1.1801775609867727E-015
   1.0496527203239360E-015
   1.0502601200960880E-015
   1.0508689222190614E-015
   1.0514791287237118E-015
   1.0520907416462876E-015
   1.0527037630284408E-015
   9.2165342055258353E-016
   9.2219228444452742E-016
   9.2273238612640766E-016
   9.2327372740368268E-016
   9.2381631008658928E-016
   9.2436013599015185E-016
   9.2490520693419400E-016
   9.2545152474334706E-016
   9.2599909124706152E-016
   9.2654790827961587E-016
   9.2709797768012789E-016
   9.2764930129256469E-016
   9.2820188096575235E-016
   1.0614351069181567E-015
   1.0620695039017656E-015
   1.0627053427556478E-015
   1.0633426256150803E-015
   1.0639813546209525E-015
   9.3154384042980578E-016
   1.0652631596637081E-015
   1.0659062400105416E-015
   1.0665507751237388E-015
   9.3379717127587821E-016
   9.3436369104000955E-016
   9.3493148943361613E-016
   9.3550056836964323E-016
   9.3607092976604306E-016
   9.3664257554578456E-016
   9.3721550763686450E-016
   9.3778972797231809E-016
   9.3836523849022946E-016
   9.3894204113374345E-016
   9.3952013785107535E-016
   9.4009953059552324E-016
   9.4068022132547692E-016
   9.4126221200443110E-016
   1.0763948624011372E-015
   9.4243010108890355E-016
   9.4301600344702891E-016
   9.4360321365939085E-016
   9.4419173371516918E-016
   9.4478156560871353E-016
   1.0804259558166347E-015
   1.0811030547570500E-015
   9.4655895233723209E-016
   9.4715405162913925E-016
   9.4775047280851066E-016
   9.4834821790095497E-016
   9.4894728893733047E-016
   9.4954768795375618E-016
   9.5014941699162349E-016
   9.5075247809760835E-016
   9.5135687332368173E-016
   8.1596794690896095E-016
   8.1648829231759188E-016
   8.1700978656155704E-016
   8.1753243141794420E-016
   8.1805622866842992E-016
   9.5501137678250484E-016
   9.5562516875164279E-016
   9.5624031144867016E-016
   9.5685680697374173E-016
   9.5747465743242549E-016
   9.5809386493571400E-016
   9.5871443160003607E-016
   9.5933635954726936E-016
   9.5995965090475245E-016
   9.6058430780529581E-016
   9.6121033238719549E-016
   9.6183772679424370E-016
   8.2497127986492161E-016
   9.6309663368651329E-016
   9.6372815048691347E-016
   9.6436104574284484E-016
   9.6499532162576714E-016
   8.2768369741089490E-016
   8.2822973484539026E-016
   8.2877696128689353E-016
   8.2932537861581826E-016
   8.2987498871739510E-016
   8.3042579348168280E-016
   8.3097779480357871E-016
   9.7011949367996825E-016
   8.3208539472404326E-016
   8.3264099713669758E-016
   8.3319780373515286E-016
   9.7271511917844007E-016
   8.3431503717138483E-016
   8.3487546786239116E-016
   8.3543711044568003E-016
   9.7533329467021789E-016
   8.3656403904979445E-016
   8.3712932896334583E-016
   8.3769583855465333E-016
   8.3826356978251153E-016
   8.3883252461070740E-016
   9.7930315584270380E-016
   8.3997411294829069E-016
   8.4054675041031704E-016
   8.4112061937798134E-016
   8.4169572184020338E-016
   8.4227205979096350E-016
   8.4284963522931422E-016
   8.4342845015939187E-016
   8.4400850659042736E-016
   8.4458980653675845E-016
   8.4517235201784117E-016
   7.0479678754855086E-016
   7.0528432307312116E-016
   7.0577290161764527E-016
   7.0626252488216075E-016
   8.4810383348522260E-016
   7.0724491239289432E-016
   7.0773768006079570E-016
   7.0823149929207455E-016
   7.0872637180843557E-016
   7.0922229933594684E-016
   7.0971928360504943E-016
   7.1021732635056736E-016
   7.1071642931171787E-016
   7.1121659423212129E-016
   7.1171782285981105E-016
   7.1222011694724412E-016
   7.1272347825131057E-016
   5.7058232682667544E-016
   7.1373340955913299E-016
   7.1423998309892800E-016
   7.1474763092745544E-016
   5.7220508385914027E-016
   7.1576615657204329E-016
   7.1627703796001913E-016
   7.1678900078057899E-016
   7.1730204683097472E-016
   7.1781617791299412E-016
   7.1833139583297235E-016
   8.6261724288216200E-016
   7.1936509943494188E-016
   7.1988358875243158E-016
   5.7632253774311826E-016
   7.2092385154356787E-016
   5.7715650294422270E-016
   5.7757480434198988E-016
   5.7799398690262751E-016
   4.3381053907824058E-016
   4.3412625107173326E-016
   4.3444262727167776E-016
   5.7967955839347753E-016
   5.8010316901582613E-016
   5.8052766972616707E-016
   5.8095306202515045E-016
   5.8137934741720087E-016
   5.8180652741052643E-016
   5.8223460351712733E-016
   7.2832947156600648E-016
   7.2886681267146378E-016
   7.2940527961706879E-016
   5.8395589944951499E-016
   5.8438847893584537E-016
   5.8482196368758646E-016
   5.8525635524353273E-016
   5.8569165514634263E-016
   4.3959589870691033E-016
   5.8656498618255920E-016
   5.8700302042068209E-016
   5.8744196921511976E-016
   4.4091137559598846E-016
   4.4124196254398081E-016
   4.4157323893278568E-016
   4.4190520594282446E-016
   2.9482524317165192E-016
   2.9504747770872894E-016
   2.9527017503266099E-016
   4.4324000390747353E-016
   4.4357544183382776E-016
   4.4391157752633736E-016
   4.4424841218628684E-016
   4.4458594701796934E-016
   4.4492418322869377E-016
   4.4526312202879188E-016
   4.4560276463162531E-016
   2.9729540816906193E-016
   2.9752277740942530E-016
   2.9775061829050341E-016
   4.4696839744399791E-016
   4.4731157736748574E-016
   4.4765546843791153E-016
   4.4800007189004858E-016
   4.4834538896175800E-016
   4.4869142089399628E-016
   4.4903816893082243E-016
   5.9918084575920718E-016
   5.9964509108004178E-016
   4.5008272215611109E-016
   4.5043234711418803E-016
   4.5078269444394487E-016
   4.5113376540821147E-016
   4.5148556127297220E-016
   4.5183808330737390E-016
   4.5219133278373277E-016
   4.5254531097754251E-016
   4.5290001916748138E-016
   3.0217030575694678E-016
   3.0240775377762002E-016
   3.0264569103252632E-016
   3.0288411838266169E-016
   3.0312303669117093E-016
   3.0336244682335275E-016
   1.5180117482333236E-016
   3.0384274603072893E-016
   3.0408363684733666E-016
   3.0432502297045378E-016
   3.0456690527622616E-016
   3.0480928464298463E-016
   3.0505216195125041E-016
   3.0529553808374027E-016
   3.0553941392537195E-016
   4.5867568554490387E-016
   4.5904300243015111E-016
   4.5941107288112800E-016
   4.5977989823849595E-016
   4.6014947984625760E-016
   4.6051981905176510E-016
   4.6089091720572788E-016
   3.0750851710814716E-016
   4.6163539577869267E-016
   4.6200877891597378E-016
   4.6238292643828463E-016
   4.6275783971324378E-016
   4.6313352011187640E-016
   4.6350996900862205E-016
   4.6388718778134324E-016
   6.1902023708177869E-016
   6.1952525397777017E-016
   6.2003130291400712E-016
   6.2053838574600645E-016
   6.2104650433390414E-016
   6.2155566054246728E-016
   6.2206585624110493E-016
   6.2257709330387932E-016
   6.2308937360951733E-016
   7.7950337380177751E-016
   7.8014633935960433E-016
   6.2463249284109054E-016
   6.2514896499914280E-016
   6.2566648986406093E-016
   6.2618506934279912E-016
   6.2670470534705615E-016
   6.2722539979328746E-016
   7.8468394325339524E-016
   7.8533746462668146E-016
   6.2879385301996830E-016
   7.8664850061772892E-016
   6.2984481606440126E-016
   6.3037190167586121E-016
   6.3090005927863990E-016
   6.3142929082766410E-016
   4.7396969871204242E-016
   4.7436823770636027E-016
   4.7476758658086351E-016
   4.7516774681638734E-016
   4.7556871989744985E-016
   4.7597050731226020E-016
   4.7637311055272853E-016
   4.7677653111447455E-016
   6.3624102732911564E-016
   6.3678110693717542E-016
   6.3732228231921709E-016
   6.3786455548930739E-016
   7.9800991058315067E-016
   7.9869050409368784E-016
   7.9937247742965358E-016
   8.0005583313376137E-016
   6.4059245900403646E-016
   6.4114136147910252E-016
   6.4169137598158636E-016
   6.4224250456596193E-016
   6.4279474929181015E-016
   6.4334811222383206E-016
   6.4390259543186072E-016
   6.4445820099087482E-016
   6.4501493098101066E-016
   8.0696598435946941E-016
   6.4613177260105958E-016
   6.4669188841715012E-016
   6.4725313703674315E-016
   6.4781552056595708E-016
   6.4837904111614517E-016
   4.8670777560293170E-016
   4.8713212631333340E-016
   6.5007644608488890E-016
   6.5064453593766613E-016
   6.5121377344716754E-016
   6.5178416075643167E-016
   6.5235570001382360E-016
   8.1616049171631140E-016
   6.5350224299316661E-016
   6.5407725103860211E-016
   6.5465341967916127E-016
   4.9142306331753259E-016
   4.9185693558889150E-016
   4.9229168321296790E-016
   4.9272730783335764E-016
   4.9316381109774217E-016
   4.9360119465789899E-016
   4.9403946016971192E-016
   4.9447860929318088E-016
   4.9491864369243289E-016
   4.9535956503573195E-016
   4.9580137499548933E-016
   4.9624407524827436E-016
   4.9668766747482431E-016
   4.9713215336005556E-016
   4.9757753459307324E-016
   3.3201587524478820E-016
   4.9847098987989811E-016
   4.9891906733295644E-016
   4.9936804693232477E-016
   4.9981793038821253E-016
   5.0026871941508160E-016
   5.0072041573165745E-016
   5.0117302106093949E-016
   5.0162653713021224E-016
   3.3472064378070368E-016
   5.0253630841935590E-016
   5.0299256711531676E-016
   5.0344974350347029E-016
   5.0390783933268741E-016
   5.0436685635618889E-016
   5.0482679633155692E-016
   6.7371688136099391E-016
   5.0574945219009144E-016
   6.7494956214710143E-016
   5.0667582105658575E-016
   6.7618720307789757E-016
   5.0760591714981846E-016
   6.7742982315892110E-016
   5.0853975475940878E-016
   5.0900808111780280E-016
   5.0947734824617528E-016
   5.0994755795081269E-016
   5.1041871204249662E-016
   6.8118774978202071E-016
   6.8181848087023406E-016
   6.8245047842041637E-016
   6.8308374487107022E-016
   6.8371828266676767E-016
   8.5544261782270848E-016
   6.8499118210202578E-016
   6.8562954866121996E-016
   6.8626919640475612E-016
   8.5863765975973615E-016
   8.5944043168954476E-016
   8.6024481440474171E-016
   8.6105081102244095E-016
   8.6185842466751914E-016
   6.9013412677810883E-016
   6.9078281246260310E-016
   6.9143279930612570E-016
   8.6510511229197300E-016
   6.9273668657615266E-016
   6.9339059207134610E-016
   6.9404580886297856E-016
   8.6837792437650988E-016
   6.9536018654254629E-016
   8.7002419068734656E-016
   8.7084980011558802E-016
   8.7167706468249920E-016
   8.7250598761569630E-016
   8.7333657215084093E-016
   8.7416882153166030E-016
   8.7500273900996805E-016
   7.0067066227654784E-016
   7.0134047304548764E-016
   7.0201162613575169E-016
   7.0268412417483370E-016
   7.0335796979677989E-016
   7.0403316564220569E-016
   5.2853228576873461E-016
   5.2904071394917957E-016
   5.2955016076830779E-016
   5.3006062822641573E-016
   5.3057211832879046E-016
   5.3108463308572232E-016
   7.0879756601669108E-016
   7.0948365950601912E-016
   7.1017112728278494E-016
   7.1085997205423313E-016
   7.1155019653436558E-016
   7.1224180344395942E-016
   7.1293479551058426E-016
   8.9203646933577462E-016
   7.1432494605927250E-016
   7.1502211003059532E-016
   7.1572067013750289E-016
   7.1642062914179112E-016
   5.3784149235911527E-016
   5.3836856619315081E-016
   5.3889669544535807E-016
   3.5961725480523933E-016
   3.5997075238533559E-016
   3.6032495777225454E-016
   1.8033993618561307E-016
   1.8051774879549640E-016
   1.8069591742190894E-016
   1.8087444277274756E-016
   0.0000000000000000     
   0.0000000000000000     
   0.0000000000000000     
   0.0000000000000000     
   0.0000000000000000     
   0.0000000000000000     
   0.0000000000000000     
   0.0000000000000000     
   0.0000000000000000     
   0.0000000000000000     
   0.0000000000000000     
   0.0000000000000000     
   1.8322805959058257E-016
   0.0000000000000000     
   0.0000000000000000     
   1.8377994746520476E-016
   0.0000000000000000     
   0.0000000000000000     
   0.0000000000000000     
   0.0000000000000000     
   1.8470715117027931E-016
   0.0000000000000000     
   1.8508063670903991E-016
   0.0000000000000000     
   0.0000000000000000     
   1.8564367382275943E-016
   1.8583210489535286E-016
   1.8602091324909021E-016
   0.0000000000000000     
   1.8639966484643380E-016
   0.0000000000000000     
   0.0000000000000000     
   1.8697064094146402E-016
   0.0000000000000000     
   0.0000000000000000     
   0.0000000000000000     
   1.8773729230311892E-016
   3.7585983129422866E-016
   1.8812292475050061E-016
   5.6494896118703857E-016
   1.8851010336701738E-016
   5.6611282335254814E-016
   3.7779766887097135E-016
   3.7818756822243145E-016
   3.7857824854062813E-016
   3.7896971141409054E-016
   1.8968097921766931E-016
   3.7975499120089326E-016
   1.9007440565564372E-016
   3.8054342037107597E-016
   3.8093881998884689E-016
   3.8133501177723160E-016
   1.9086599867645779E-016
   3.8212977833664896E-016
   1.9126417817662906E-016
   3.8292773303165479E-016
   3.8332791000484848E-016
   3.8372888890995632E-016
   3.8413067138821427E-016
   1.9226662954249391E-016
   1.9246832682489151E-016
   5.7801128510438579E-016
   3.8574587000223061E-016
   3.8615169510969640E-016
   1.9327916686241630E-016
   3.8696578751801238E-016
   1.9368702908190806E-016
   3.8778314734104141E-016
   3.8819305673271527E-016
   3.8860378802610450E-016
   3.8901534291272765E-016
   3.8942772308836556E-016
   1.9492046512653675E-016
   3.9025496611119142E-016
   3.9066983237135648E-016
   5.8662829611977054E-016
   3.9150206295392770E-016
   3.9191943071519374E-016
   3.9233763575625000E-016
   3.9275667980738842E-016
   1.9658828230163328E-016
   3.9359729188291910E-016
   1.9700943169488494E-016
   3.9444128087164266E-016
   3.9486454608077394E-016
   3.9528866077382389E-016
   1.9785681335594431E-016
   3.9613944566051138E-016
   1.9828305969484773E-016
   3.9699364967391458E-016
   3.9742203829212653E-016
   5.9677693054167535E-016
   3.9828139766884555E-016
   5.9806855801168638E-016
   5.9871631776244512E-016
   5.9936537845787422E-016
   6.0001574280713689E-016
   8.0088988470166336E-016
   8.0176052445078758E-016
   8.0263291329658480E-016
   8.0350705488796001E-016
   1.0054786911038144E-015
   8.0526061094925603E-016
   1.0076750409540651E-015
   1.0087765275137836E-015
   1.0098802279848739E-015
   8.0878891759854596E-016
   1.0120942891962823E-015
   8.1056372738680657E-016
   1.0143172617759840E-015
   8.1234568120132616E-016
   8.1323934648026475E-016
   6.1060110676421533E-016
   8.1503207258827775E-016
   6.1194835572651192E-016
   8.1683201795019851E-016
   6.1330103049935146E-016
   8.1863921292477208E-016
   6.1465915390953920E-016
   8.2045368802494116E-016
   4.1068183259989332E-016
   6.1670660543900764E-016
   4.1159455901973439E-016
   6.1807845107235913E-016
   4.1251096398358911E-016
   6.1945582615416245E-016
   4.1343106302105924E-016
   6.2083875403797986E-016
   4.1435487174073235E-016
   4.1481817213078118E-016
   4.1528240583060809E-016
   6.2362136222053707E-016
   6.2432052158779000E-016
   6.2502108982295964E-016
   6.2572306990890084E-016
   6.2642646483605533E-016
   6.2713127760247181E-016
   8.3711668161843501E-016
   6.2854516868344362E-016
   6.2925425303231687E-016
   4.1997651152608614E-016
   6.3067671449027390E-016
   6.3139009767987604E-016
   6.3210491990981235E-016
   6.3282118423973292E-016
   6.3353889373708224E-016
   6.3425805147711989E-016
   8.4663821405725621E-016
   8.4760096536733755E-016
   8.4856566003151449E-016
   8.4953230219209822E-016
   8.5050089600196266E-016
   8.5147144562457248E-016
   1.0655549440425152E-015
   8.5341842901501571E-016
   1.0679935889537418E-015
   8.5537328588406314E-016
   1.0704420967438472E-015
   8.5733604992365578E-016
   1.0729005096352607E-015
   8.5930675499797238E-016
   8.6029509605303523E-016
   6.4596407635827609E-016
   8.6227777655385353E-016
   8.6327212457431620E-016
   8.6426848350955206E-016
   8.6526685767435841E-016
   8.6626725139456416E-016
   1.0840870862588240E-015
   8.6827411485982549E-016
   1.0866007416399570E-015
   8.7028910873373620E-016
   1.0891245818832177E-015
   1.0903903350289140E-015
   1.0916586508591272E-015
   8.7434362791425508E-016
   1.0942029926630808E-015
   8.7638322377374152E-016
   1.0967576516165773E-015
   1.0980388639370013E-015
   1.3191872067221448E-015
   1.1006090822152667E-015
   1.1018980993961344E-015
   8.8255178355532568E-016
   1.1044839780068771E-015
   8.8462468059705678E-016
   1.1070803533390366E-015
   8.8670599318090854E-016
   1.1096872708633305E-015
   8.8879575777678205E-016
   1.0010742986557023E-015
   8.9089401104200009E-016
   1.0034396239865940E-015
   8.9300078982233666E-016
   1.1175717348084533E-015
   1.0070056475471831E-015
   1.0081991524504371E-015
   8.9724007225993242E-016
   1.0105934393417043E-015
   8.9937265056034129E-016
   1.0129974642041484E-015
   7.8882466570623592E-016
   1.0154112694578096E-015
   7.9070588570347335E-016
   9.0474213132553678E-016
   6.7936693926912273E-016
   7.9354208259872791E-016
   6.8099256810662386E-016
   9.0907715115665004E-016
   7.9639562022700556E-016
   9.1125791151845639E-016
   7.9830766855399989E-016
   1.0276285016583948E-015
   8.0022750837843620E-016
   1.0301018924008660E-015
   9.1674877007451835E-016
   9.1785365925399855E-016
   8.0409069915532284E-016
   9.2007019434683830E-016
   8.0603411886691939E-016
   9.2229577135083318E-016
   8.0798546759620363E-016
   8.0896412621835660E-016
   6.9423838300153352E-016
   8.1092743382780310E-016
   8.1191209158901725E-016
   9.2902715183550198E-016
   8.1388743704428883E-016
   1.0477004574605731E-015
   9.3242383074598018E-016
   9.3356068166950834E-016
   8.1786237171588361E-016
   9.3584135101787096E-016
   8.1986203221936343E-016
   9.3813134451193834E-016
   8.2186986933390311E-016
   9.4043070331019136E-016
   7.0618793071403234E-016
   8.2489703518637578E-016
   5.8993587000771963E-016
   7.0879326189071720E-016
   7.0966525915668345E-016
   7.1053903974132894E-016
   5.9284550632418012E-016
   7.1229196665433029E-016
   7.1317112090210968E-016
   8.3306075335871773E-016
   5.9577902571320507E-016
   8.3512262696682821E-016
   7.1670576937505338E-016
   8.3719295259663720E-016
   5.9873664045868855E-016
   7.1937580095809813E-016
   6.0022455053287514E-016
   8.4135911026169474E-016
   6.0171856505611040E-016
   7.2296144396231447E-016
   6.0321871118994876E-016
   8.4555952899243566E-016
   6.0472501623727802E-016
   7.2657658430939289E-016
   6.0623750764310866E-016
   8.4979451458451892E-016
   6.0775621299536908E-016
   7.3022148547429620E-016
   6.0928116002570434E-016
   7.3205517945094156E-016
   6.1081237661028108E-016
   7.3389641368371429E-016
   6.1234989077059641E-016
   7.3574522188597527E-016
   4.9111498453943352E-016
   7.3760163794694955E-016
   6.1544392463597282E-016
   6.1622141327726024E-016
   6.1700050111803272E-016
   6.1778119173931734E-016
   4.9485079098518551E-016
   6.1934739569426068E-016
   4.9610633298942544E-016
   7.4510406477311047E-016
   6.2170881254468484E-016
   7.4699903469063053E-016
   4.9863296537366284E-016
   7.4890181955100075E-016
   4.9990410237426795E-016
   6.2567704541870270E-016
   5.0118048453093256E-016
   6.2727581239758502E-016
   6.2807766932498234E-016
   7.5465741619207985E-016
   6.2968634862676154E-016
   6.3049317845873277E-016
   7.5756200807929849E-016
   6.3211183720204181E-016
   8.8609314308153543E-016
   7.6048462374624457E-016
   7.6146285535372457E-016
   6.3536925644106501E-016
   8.9066294967540703E-016
   6.3700807754099643E-016
   8.9296204101507766E-016
   6.3865368029579016E-016
   8.9527064813419894E-016
   6.4030609540655875E-016
   7.6936184068031010E-016
   7.7035842448276979E-016
   8.9991658231417816E-016
   7.7235778356901992E-016
   9.0225399624389509E-016
   6.4530452430971755E-016
   7.7537237116572814E-016
   6.4698449909375629E-016
   7.7739251714565437E-016
   6.4867144217605218E-016
   7.7942104406789868E-016
   6.5036538523886531E-016
   7.8145799005110078E-016
   6.5206636013123749E-016
   7.8350339341460454E-016
   6.5377439886993720E-016
   9.1648350812619543E-016
   6.5548953364041155E-016
   9.1888968099862502E-016
   6.5721179679774415E-016
   9.2130585635069448E-016
   7.9072946504114110E-016
   7.9177035414710378E-016
   6.6067783854728386E-016
   7.9385862630700023E-016
   6.6242168270653859E-016
   7.9595559004229313E-016
   6.6417278638870343E-016
   7.9806128510952748E-016
   7.9911741937393507E-016
   8.0017575147525873E-016
   6.6769690536860694E-016
   9.3601553420345716E-016
   6.6946998762953324E-016
   9.3850301886328221E-016
   6.7125046334175051E-016
   8.0657218120431599E-016
   6.7303836643114118E-016
   8.0872213667181681E-016
   6.7483373100313089E-016
   8.1088106646286936E-016
   6.7663659134371136E-016
   9.4855718046771217E-016
   6.7844698192047276E-016
   8.1522601424214484E-016
   6.8026493738364048E-016
   8.1741211539122188E-016
   6.8209049256711906E-016
   9.5620858338607428E-016
   9.5749315548535903E-016
   9.5878041206073414E-016
   8.2291745082639603E-016
   9.6136300339720105E-016
   8.2513572906690250E-016
   9.6395640707460838E-016
   8.2736329640399698E-016
   9.6656067303592917E-016
   8.2960019575950145E-016
   9.6917585148948778E-016
   8.3184647028333354E-016
   9.7180199291048177E-016
   6.9508513612901143E-016
   9.7443914804251233E-016
   8.3636731858398206E-016
   9.7708736789912472E-016
   8.3864197981292242E-016
   9.7974670376535794E-016
   9.8108055630327736E-016
   9.8241720719930457E-016
   8.4321999680667717E-016
   9.8509893003367960E-016
   9.8644401499923163E-016
   9.8779192437739949E-016
   8.4783656976446991E-016
   9.9049624261717119E-016
   8.5015942683880657E-016
   9.9321193741909134E-016
   8.5249205791354564E-016
   9.9593906173025373E-016
   7.1236209041071532E-016
   8.5600943038317359E-016
   7.1432235360321262E-016
   7.1530558005956707E-016
   7.1629087616498928E-016
   7.1727824674226322E-016
   7.1826769662704598E-016
   8.6311107680148619E-016
   5.7620228298108491E-016
   7.2124857067689866E-016
   4.3334783184423327E-016
   7.2324630581740844E-016
   5.7939866705731044E-016
   7.2525247534655917E-016
   5.8100698826572874E-016
   7.2726711873164292E-016
   5.8262210440916419E-016
   8.7514833078160155E-016
   5.8424404731547633E-016
   7.3132198599691504E-016
   5.8587284898310058E-016
   7.3336228987350086E-016
   5.8750854158203631E-016
   8.8249347312154029E-016
   5.8915115745483989E-016
   7.3746883971677571E-016
   7.3850091139703135E-016
   7.3953516697406374E-016
   5.9245728926106952E-016
   7.4161025034607080E-016
   5.9412087075142642E-016
   7.4369413102582595E-016
   5.9579150663154420E-016
   8.9494422051328983E-016
   7.4683653765236440E-016
   7.4788845018889954E-016
   1.0485196305877810E-015
   7.4999897217034415E-016
   9.0126911056417253E-016
   9.0254215015006173E-016
   1.0544542070037756E-015
   7.5424695136590579E-016
   9.0637750630443081E-016
   7.5638449343368389E-016
   7.5745667125930313E-016
   6.0682490194537297E-016
   9.1152944079984811E-016
   6.0854951708844287E-016
   7.6176821992506894E-016
   4.5771110607158707E-016
   7.6393777238379315E-016
   6.1202080973895122E-016
   7.6611656829221272E-016
   7.6720944622399401E-016
   9.2196558176214396E-016
   9.2328262744781627E-016
   1.0787028923542306E-015
   7.7160428629489099E-016
   9.2725062729793931E-016
   7.7381578090151181E-016
   1.0848950928811212E-015
   9.3124406161467835E-016
   9.3258088983186090E-016
   7.7826714252111578E-016
   9.3526311197478900E-016
   6.2440567965214410E-016
   1.0942829337440068E-015
   7.8275663452581742E-016
   1.0974390111631929E-015
   7.8501579303022611E-016
   1.1006085936123743E-015
   9.4474154514341862E-016
   9.4610721041965982E-016
   7.8956316441682311E-016
   1.1069885315421208E-015
   9.5022176375452428E-016
   1.2687988764210365E-015
   9.5297950045631723E-016
   1.1134232669202390E-015
   7.9645755304930729E-016
   1.1166613475047652E-015
   1.1182855949092073E-015
   1.1199133247865913E-015
   8.0110324675977893E-016
   1.1231792652898813E-015
   9.6412927940332522E-016
   1.2873819838862505E-015
   1.1281045034972408E-015
   1.2911466329919844E-015
   9.6977626755094763E-016
   1.1330615368080012E-015
   1.1347209863731505E-015
   1.2987245745190527E-015
   8.1289328168349374E-016
   1.1397207699104136E-015
   9.7833817540044805E-016
   1.1430719071530827E-015
   1.1447528861174418E-015
   1.1464374835331672E-015
   1.1481257080967811E-015
   1.1498175685284978E-015
   9.8701120591910738E-016
   1.1532122319959698E-015
   9.8992718793534848E-016
   9.9138989500609843E-016
   9.9285575621427219E-016
   1.1600455756836838E-015
   1.1617631333629012E-015
   1.3296964543237103E-015
   9.9875089468399272E-016
   1.1669380811181391E-015
   1.3356234496904746E-015
   1.3376076551136260E-015
   1.1721466293885473E-015
   1.5092875556111088E-015
   1.1756377822354562E-015
   1.3455874538414275E-015
   1.1791440497920724E-015
   1.3496032850705578E-015
   1.1826655052291157E-015
   1.1844319513782041E-015
   1.1862022221182073E-015
   1.3576872305241238E-015
   1.1897542744342452E-015
   1.3617555138347239E-015
   1.1933217365577957E-015
   1.5365716324107839E-015
   1.3678910666028581E-015
   1.5411882688001238E-015
   1.3720036454771427E-015
   1.3740666303837831E-015
   1.3761340933884185E-015
   1.5504818010378429E-015
   1.3802824972252129E-015
   1.5551588923862027E-015
   1.2113928263094036E-015
   1.3865389615853263E-015
   1.2150543322925526E-015
   1.5645742183284104E-015
   1.2187317803100092E-015
   1.3949445792577134E-015
   1.2224252480756333E-015
   1.3991748728760235E-015
   1.2261348137311748E-015
   1.4034236089195317E-015
   1.0541661907275645E-015
   1.2317295177530797E-015
   1.2336025534337793E-015
   1.4119767689538901E-015
   1.2373608859268205E-015
   1.4162813745244147E-015
   1.0638305427487855E-015
   1.4206047856854245E-015
   1.0670801790804303E-015
   1.4249470944839536E-015
   1.2487346938507776E-015
   1.4293083934753254E-015
   1.2525591691870243E-015
   1.4336887757261921E-015
   1.0769146142233745E-015
   1.4380883348175887E-015
   1.0802215012979763E-015
   1.2621937692420096E-015
   1.2641333565117169E-015
   1.4469453604365093E-015
   1.6303182187799209E-015
   1.4514030167258069E-015
   1.4536391725093185E-015
   1.2738952007122538E-015
   1.4581261993956720E-015
   1.2778299577880205E-015
   1.6454620430452369E-015
   1.2817819955034346E-015
   1.2837645211795845E-015
   1.2857513989688444E-015
   1.4717058738100528E-015
   1.2897382537667073E-015
   1.4762722883309900E-015
   1.2937426459544250E-015
   1.4808587949634120E-015
   1.1123697103433083E-015
   1.2997823062690725E-015
   1.3018043891208725E-015
   1.4900924818001747E-015
   1.3058619146148788E-015
   1.4947398620040096E-015
   1.1228034227443615E-015
   1.3119817675343420E-015
   1.1263120400200842E-015
   1.1280721501188979E-015
   1.1298361406121469E-015
   1.3202046912814984E-015
   1.1333758012030297E-015
   1.3243434056743541E-015
   1.1369310989023100E-015
   1.3285004085287191E-015
   1.3305857964574418E-015
   1.3326757905588239E-015
   1.1440889162153174E-015
   1.5278510205539673E-015
   1.3389735242414212E-015
   1.7242483596882945E-015
   1.3431952544126115E-015
   1.5375007159446344E-015
   1.3474356852627805E-015
   1.5423576485591754E-015
   1.5447941826360281E-015
   1.7406406271861638E-015
   1.3559730215781538E-015
   1.5521362166248889E-015
   1.3602701146348307E-015
   1.5570580670647670E-015
   1.3645862835597349E-015
   1.5620017727710069E-015
   1.3689216234652448E-015
   1.5669674427472406E-015
   1.3732762299961413E-015
   1.7684495849333243E-015
   1.3776501993328309E-015
   1.5769651145794101E-015
   1.3820436281945928E-015
   1.3842476703203014E-015
   1.3864566138428435E-015
   1.3886704710051441E-015
   1.1921907892152217E-015
   1.3931129753923070E-015
   9.9667260519636819E-016
   1.3975752821129819E-015
   1.1998404791331043E-015
   1.4020574903520988E-015
   1.2036909331616609E-015
   1.2056225998728774E-015
   1.0062988117119388E-015
   1.2094988664979499E-015
   1.0095362400216595E-015
   1.2133924494910851E-015
   1.2153457617763510E-015
   1.2173034357954856E-015
   1.0160545687440464E-015
   1.2212319128435907E-015
   1.0193356148780649E-015
   1.2251779685600536E-015
   8.1810507735380050E-016
   1.0242847428039494E-015
   1.0259418380771039E-015
   1.0276026418131176E-015
   8.2341373067166440E-016
   8.2474832960827943E-016
   6.1956443832337667E-016
   8.2742650266563669E-016
   6.2157756889364534E-016
   8.3011669290995353E-016
   6.2359973505752479E-016
   8.3281896096894837E-016
   6.2563098241401189E-016
   8.3553336781274832E-016
   8.3689514242625683E-016
   8.3825997475598120E-016
   6.2972090439031775E-016
   8.4099884345988109E-016
   6.3177967150238495E-016
   6.3281252695080565E-016
   4.2256513652982367E-016
   6.3488521090528378E-016
   6.3592505117015797E-016
   8.4928964199161761E-016
   8.5068234372933946E-016
   1.0650977266963948E-015
   8.5347716281442323E-016
   8.5487929606320703E-016
   8.5628458908795348E-016
   8.5769304989575655E-016
   8.5910468651638782E-016
   8.6051950700236644E-016
   6.4645313957177101E-016
   8.6335873189459444E-016
   6.4858736439018413E-016
   8.6621078945018651E-016
   6.5073123813879185E-016
   8.6907574491532504E-016
   6.5288480989103040E-016
   8.7195366390689135E-016
   4.3669875266614205E-016
   6.5613345931105813E-016
   4.3814749673082930E-016
   8.7774865680401116E-016
   6.5940420809734368E-016
   8.8066586381739823E-016
   8.8212942426904731E-016
   8.8359630057751085E-016
   6.6379987589464339E-016
   8.8654003458919378E-016
   8.8801690926473534E-016
   1.0006842754596195E-015
   1.1137258957091260E-015
   1.0040261246009785E-015
   1.2291922384105758E-015
   1.0073831635858840E-015
   1.3454232047072025E-015
   1.1230616334489068E-015
   1.3499298307829922E-015
   1.1268256914316557E-015
   1.2415855558872681E-015
   1.1306068874651024E-015
   1.4722551215731061E-015
   1.2478458402942091E-015
   1.3635732090959305E-015
   1.2520431499647252E-015
   1.3681625208045398E-015
   1.2562596029207639E-015
   1.4871705004166524E-015
   1.2604952974188502E-015
   1.3774040630236428E-015
   1.1497730293435360E-015
   1.3820565091399699E-015
   1.1536589153478607E-015
   1.3867302166941787E-015
   1.2733188211872492E-015
   1.5073774029590657E-015
   1.2776324757187136E-015
   1.3961418541546187E-015
   1.1654235196186316E-015
   1.4008800046511807E-015
   1.1693810095055086E-015
   1.2885032029595755E-015
   1.1733566314658939E-015
   1.4104215254072172E-015
   1.1773504790037010E-015
   1.1793542667308990E-015
   9.4509011692800200E-016
   1.1833756291306231E-015
   9.4831458201309176E-016
   1.1874154532249250E-015
   9.5155385455856482E-016
   1.1914738344124155E-015
   9.5480801110254217E-016
   1.0759957817765724E-015
   1.0778367697016080E-015
   1.1996466524094720E-015
   9.6136128454376986E-016
   1.2037612827745907E-015
   8.4407798713943246E-016
   1.2078948573509003E-015
   9.6797502350134760E-016
   1.0908427268844289E-015
   8.4989166817075392E-016
   1.0945973091724622E-015
   9.7464985632053067E-016
   9.7632818476637111E-016
   8.5575908361269146E-016
   9.7969645586825125E-016
   9.8138641861700950E-016
   1.1059653145587439E-015
   7.3858353671962982E-016
   9.8647973682038100E-016
   9.8818535336786477E-016
   1.1136317724099140E-015
   7.4370631003467003E-016
   1.1174916120142641E-015
   8.7066639712827411E-016
   8.7217613409331474E-016
   8.7368936263366244E-016
   8.7520609183629611E-016
   7.5147971212669415E-016
   1.0037143870946599E-015
   7.5409489258493162E-016
   8.8130819793085309E-016
   6.3060183405166977E-016
   8.8438049315277884E-016
   6.3280141688918696E-016
   8.8746704844813177E-016
   7.6201345447635620E-016
   1.0177919295099832E-015
   8.9212378212523023E-016
   8.9368323770890473E-016
   6.3946165321955902E-016
   8.9681302198315758E-016
   7.7004288825101250E-016
   1.0285227050902241E-015
   9.0153502351157484E-016
   1.1611495914067341E-015
   1.0339444030120861E-015
   1.1652300571257216E-015
   7.7818494335574512E-016
   1.1693295395638754E-015
   7.8092429546952359E-016
   1.0430650119812840E-015
   9.1428916284873792E-016
   1.0467430704085731E-015
   9.1751496658613746E-016
   1.0504383001593904E-015
   7.8921928684371216E-016
   1.0541507914663041E-015
   1.0560135385447744E-015
   9.2564555570209565E-016
   7.9481406939294387E-016
   9.2892443202399927E-016
   6.6469258496880705E-016
   9.3221865184228962E-016
   6.6705110057011526E-016
   1.0691751953939848E-015
   6.6942066252315131E-016
   8.0473152487823812E-016
   6.7180132905801246E-016
   8.0759501380028245E-016
   6.7419315874525612E-016
   9.4555058943512061E-016
   8.1191545259765784E-016
   9.4892274841504526E-016
   6.7901054357432823E-016
   8.1626635106603036E-016
   8.1772346109478478E-016
   9.5571465661195507E-016
   6.8387329246606203E-016
   9.5913457370101552E-016
   6.8632182854094234E-016
   9.6257057885220943E-016
   8.2653826375511412E-016
   8.2801950620294394E-016
   5.5300282179664195E-016
   8.3099245245054658E-016
   9.7123153716877952E-016
   5.5598627251008388E-016
   9.7472452454806431E-016
   8.3698044944373440E-016
   8.3848627475666523E-016
   6.9999637434995771E-016
   8.4150858224394374E-016
   5.6201672217775812E-016
   8.4454516175373351E-016
   7.0505735599895325E-016
   8.4759608912307108E-016
   7.0760579756341736E-016
   9.9243834740783631E-016
   5.6813303293749967E-016
   9.9603150852665539E-016
   5.7019112076485754E-016
   7.1402976955849677E-016
   7.1532369142560604E-016
   7.1662067468053221E-016
   7.1792072747032513E-016
   8.6306862955923205E-016
   4.3231804461764937E-016
   7.2183938487974784E-016
   7.2315179776050317E-016
   8.6936078552735179E-016
   5.8062877096701859E-016
   7.2710773338505225E-016
   4.3705958318566308E-016
   5.8380855027814602E-016
   4.3865513363413468E-016
   5.8594100134848300E-016
   2.9350551326954932E-016
   4.4106269539200581E-016
   2.9457935504559810E-016
   7.3779547757089493E-016
   4.4348746243856371E-016
   4.4429956539576138E-016
   4.4511360056860926E-016
   4.4592957312682987E-016
   2.9783165883695845E-016
   4.4756735115478772E-016
   2.9892611136041663E-016
   4.4921294114413272E-016
   4.5003867871198297E-016
   6.0115518000851306E-016
   4.5169606530513479E-016
   7.5421287483610996E-016
   3.0224091273673281E-016
   6.0559600432038849E-016
   3.0335642176525847E-016
   7.5979043780728389E-016
   4.5671589872211121E-016
   7.6259924358236690E-016
   4.5840521037059863E-016
   6.1233719574131825E-016
   6.1347014785603448E-016
   7.6825726346881633E-016
   4.6180814384255650E-016
   6.1688529821446601E-016
   4.6352185303749289E-016
   7.7396964581693735E-016
   7.7540630425489877E-016
   9.3221568755272251E-016
   6.2263196896996919E-016
   1.0916317696430921E-015
   9.3742496032769662E-016
   9.3916972373245680E-016
   6.2727911697420879E-016
   9.4267182681505738E-016
   7.8702432427345361E-016
   9.4619077376879555E-016
   6.3197106142607444E-016
   9.4972665567517852E-016
   6.3433398389811935E-016
   7.9439963679958294E-016
   6.3670828810056213E-016
   7.9737465949528120E-016
   6.3909403566509766E-016
   9.6043683010308150E-016
   8.0186411073976114E-016
   9.6404137356348225E-016
   8.0487513656442700E-016
   1.1289405348797595E-015
   8.0790070048536762E-016
   1.1331865424174368E-015
   8.1094088140203130E-016
   1.1374530692265256E-015
   9.7679491042361451E-016
   1.3048459734400680E-015
   1.1438915770600748E-015
   1.3097692881588126E-015
   1.1482098911168996E-015
   1.3147164378929764E-015
   1.1525491174622107E-015
   1.3196875523221837E-015
   1.1569093699055919E-015
   1.3246827619042552E-015
   1.3271894433597098E-015
   1.3297021978802405E-015
   1.1656934117449163E-015
   1.3347459922794873E-015
   1.0029577990228583E-015
   1.1723374931841525E-015
   1.0067682350174612E-015
   1.3449071884373047E-015
   1.0105971899963241E-015
   1.0125186436816266E-015
   1.0144447650810569E-015
   1.1857714947516073E-015
   1.0183110620019262E-015
   1.1902931402938577E-015
   1.1925622136187710E-015
   1.3655277798260066E-015
   1.0261002313401424E-015
   1.3707458473075252E-015
   1.0300233102969778E-015
   1.2039906886399880E-015
   1.0339655241769608E-015
   1.0359438394488767E-015
   8.6493914817784517E-016
   1.2132341112192445E-015
   1.0419077766724202E-015
   1.3918739515900846E-015
   1.0459080268569364E-015
   1.3972206393714650E-015
   1.2249158076294262E-015
   1.4025934760637203E-015
   1.5809509632353799E-015
   1.2319935296240509E-015
   1.4107020747112572E-015
   1.2367409000805611E-015
   1.2391232996714648E-015
   1.2415115301159689E-015
   1.2439056074332645E-015
   1.2463055476909828E-015
   1.4270987051489743E-015
   8.9365934395811445E-016
   1.0744634635824896E-015
   8.9711732941640125E-016
   1.2583937588637402E-015
   9.0059229779774676E-016
   1.0828034157886601E-015
   9.0408434273885219E-016
   1.0870041580032609E-015
   9.0759355844462284E-016
   9.0935463492957230E-016
   7.2889603175350575E-016
   1.0954677416023566E-015
   9.1466388183311045E-016
   1.0997308118339348E-015
   7.3458014464016925E-016
   1.1040148880778624E-015
   7.3744322648664172E-016
   9.2360007208660419E-016
   7.4032042868762555E-016
   9.2720543665720780E-016
   5.5740887204815647E-016
   9.3082859843327790E-016
   5.5958813043495791E-016
   7.4757572480113891E-016
   5.6177815600797665E-016
   5.6287722512931629E-016
   3.7598600564040606E-016
   7.5344468469387958E-016
   3.7746049856677826E-016
   5.6730071901429921E-016
   3.7894228973351168E-016
   5.6952890221865355E-016
   1.9021570983441171E-016
   3.8117874940737346E-016
   1.9096396457417545E-016
   3.8267896402763637E-016
   1.9171592959838941E-016
   3.8418661982304568E-016
   0.0000000000000000     
   1.9285087909746494E-016
   0.0000000000000000     
   3.8722442079777883E-016
   1.9399429338623860E-016
   3.8875464954091096E-016
   3.8952261438183724E-016
   5.8543872988522482E-016
   1.9553213573846675E-016
   3.9183797436951529E-016
   1.9630680030576013E-016
   5.9008673334438487E-016
   3.9417064460010426E-016
   5.9242810967385127E-016
   1.9786772325983195E-016
   5.9478115535596585E-016
   3.9730804971138044E-016
   5.9714593560163314E-016
   5.9833274667357364E-016
   7.9936335469598950E-016
   6.0071525191125151E-016
   8.0254795017474706E-016
   6.0310965649655750E-016
   1.0071855697473244E-015
   8.0735470273709662E-016
   1.0112062008362878E-015
   6.0793443061294541E-016
   1.0152469430498193E-015
   8.1381991282946824E-016
   1.0193079091418106E-015
   8.1707680925395929E-016
   1.0233892125601128E-015
   1.0254375264099682E-015
   1.2329891609413561E-015
   1.6472792800988910E-015
   4.1264531546577963E-016
   1.0336821977258876E-015
   1.0357562917574931E-015
   1.4529698194414374E-015
   1.0399200930002235E-015
   1.0420098294580782E-015
   1.4617467331317980E-015
   1.6739280760028983E-015
   8.3864844688450105E-016
   1.2605056290222641E-015
   1.6840599345817239E-015
   1.6874542052952958E-015
   8.4542850405711498E-016
   1.0589177294101526E-015
   1.2732662296599007E-015
   1.4884772435324266E-015
   1.0653462636947209E-015
   1.2809998852571855E-015
   1.2835907620772347E-015
   1.7149175536580105E-015
   1.0739934276353538E-015
   1.5066363950135278E-015
   1.5096896700300222E-015
   1.5127506454129776E-015
   1.0827281020738959E-015
   1.0849255602212799E-015
   1.3045542784352886E-015
   1.7429394130756182E-015
   6.5493076762342058E-016
   1.0937710197342805E-015
   1.0959963700780901E-015
   1.5375182847820733E-015
   8.8037117138963551E-016
   1.1027062399381492E-015
   1.1049541893933999E-015
   1.5500909601375152E-015
   6.6568030433017086E-016
   1.3340786894424128E-015
   1.5596042655784299E-015
   1.7860473713120693E-015
   1.0067057443842323E-015
   1.3450200679369965E-015
   1.6847159680766035E-015
   1.6881655814786259E-015
   1.2405242299337084E-015
   1.4690789517983534E-015
   1.5853292479482004E-015
   1.4751115897755629E-015
   1.7055454722709399E-015
   1.3672383922294020E-015
   1.3700475309218513E-015
   1.7160797676946910E-015
   1.8342496830078074E-015
   1.3785178956102154E-015
   1.2662427567812041E-015
   1.4995508666143714E-015
   1.9649919087140306E-015
   1.3899126915589316E-015
   1.6249094857753342E-015
   1.6282626918098472E-015
   1.9812582597821143E-015
   1.2846387576225353E-015
   1.2872936338907160E-015
   1.7590299365007859E-015
   1.9976912277338311E-015
   1.1775445452429039E-015
   1.1799828170479687E-015
   1.4189127840778759E-015
   1.5403414937255887E-015
   1.0686015819015070E-015
   1.4277580736334199E-015
   1.6691752016038182E-015
   1.5531671068960109E-015
   1.0775035750369331E-015
   1.1997148175970611E-015
   1.6830937422778499E-015
   1.5661245699917872E-015
   9.6577520898191521E-016
   1.4516798938859211E-015
   1.3334793198585577E-015
   1.5792153993567899E-015
   7.3038882677917730E-016
   1.0978693653190407E-015
   1.3446416634789387E-015
   1.4699456588545542E-015
   9.8201158360407165E-016
   1.2300808224663432E-015
   1.3559191398377855E-015
   1.3587566536775846E-015
   8.6647366091071752E-016
   9.9232989179636715E-016
   1.4916142657592861E-015
   1.3701799154342310E-015
   6.2411551720991740E-016
   1.1257656262956955E-015
   1.1281293978356344E-015
   1.3817213215525219E-015
   1.0070002129776613E-015
   8.8297793497742426E-016
   1.1376455968581639E-015
   1.6467244631838788E-015
   7.6162707405643050E-016
   1.0176421413471136E-015
   1.1472604246459556E-015
   1.5329062345497079E-015
   1.0240934940509321E-015
   1.1545369573805560E-015
   1.1569750237385270E-015
   1.5458925307264006E-015
   7.7458006568018441E-016
   1.2936968260481716E-015
   1.1667905511501372E-015
   1.4290959711534210E-015
   1.1717365285488795E-015
   1.0437503424029281E-015
   1.1767081785667157E-015
   1.7032942004963175E-015
   7.8780376665974137E-016
   9.2105542315189282E-016
   1.0548703044850161E-015
   1.4535285111695212E-015
   7.9451910460759791E-016
   9.2891033053800894E-016
   1.3298383274649093E-015
   1.0661353900533182E-015
   4.0065225285323702E-016
   9.3684721526124286E-016
   1.2070856019962674E-015
   1.3440667103520986E-015
   4.0408039318789078E-016
   8.0988602813795374E-016
   1.0821543526921993E-015
   1.0844666781093921E-015
   6.7924064452562979E-016
   8.1683207221098604E-016
   9.5500990446185677E-016
   1.3672205405959699E-015
   8.2208930422454947E-016
   8.2385087102452295E-016
   8.2561703811325883E-016
   1.1031837585186046E-015
   4.1458161339619507E-016
   8.3094327530708013E-016
   1.1103039706125521E-015
   1.3908622471980066E-015
   4.1815569999891621E-016
   8.3811014665239538E-016
   9.7989920231216665E-016
   1.1222957063055901E-015
   5.6235646245409330E-016
   7.0446029805695518E-016
   7.0597898797126774E-016
   9.9050232317351721E-016
   4.2541699440491254E-016
   5.6844719475202306E-016
   9.9693115118179252E-016
   1.2845383086285640E-015
   4.2910508881569060E-016
   4.3003317256153734E-016
   7.1827282427232149E-016
   1.0077588779073810E-015
   5.7710944255216227E-016
   8.6753992321911308E-016
   1.0143240525933212E-015
   1.1617416775439829E-015
   5.8213124178333991E-016
   8.7509244461362327E-016
   1.0231585216700855E-015
   1.3183478988066643E-015
   5.8720613413197161E-016
   7.3560403274666539E-016
   1.0320864496679815E-015
   1.3298569245091497E-015
   5.9233474555792655E-016
   5.9362536613999304E-016
   8.9237909060400682E-016
   1.4905420959092359E-015
   1.4937942751822523E-015
   8.9823302841851557E-016
   1.0502271064187007E-015
   1.0525217301758017E-015
   1.3562002571658718E-015
   6.0407382884726051E-016
   1.0594420828319412E-015
   9.1008093194894715E-016
   1.2160985506878666E-015
   9.1407217257249482E-016
   7.6339643848687849E-016
   9.1808458946671177E-016
   1.5334979634759712E-015
   4.6105915387846954E-016
   7.7011932853948064E-016
   7.7181121114516472E-016
   1.2376121346741046E-015
   6.2016676870716699E-016
   7.7691385459180790E-016
   7.7862377864641579E-016
   1.0924735450192468E-015
   3.1282290856687579E-016
   7.8378086705197723E-016
   6.2840723749685402E-016
   7.8724182444242465E-016
   4.7338752802664742E-016
   4.7443273639956566E-016
   6.3397430400530333E-016
   1.2707506962297668E-015
   3.1839006261266997E-016
   4.7864148480208165E-016
   9.5940138412351787E-016
   9.6152544810256617E-016
   3.2121839276724878E-016
   3.2193019717854263E-016
   9.6793170467310119E-016
   1.1317582904104926E-015
   4.8611554920355756E-016
   3.2479647100490991E-016
   8.1379457962372086E-016
   9.7872336315164411E-016
   1.6348317217050798E-016
   4.9154026120855201E-016
   6.5684523242939092E-016
   1.1520378672486871E-015
   3.2988669370609854E-016
   4.9593251113351285E-016
   6.6271724670138646E-016
   9.9629264206586064E-016
   3.3283845198592891E-016
   5.0037201471724298E-016
   8.3581556688333259E-016
   1.1727558806319733E-015
   3.3582199510062718E-016
   3.3657289177839396E-016
   6.7465160956770820E-016
   8.4520185033760148E-016
   5.0825655580428809E-016
   3.3959670204448735E-016
   1.0210732222103414E-015
   1.0233624781290096E-015
   0.0000000000000000     
   6.8530632196551761E-016
   6.8684484581764964E-016
   1.2046781461190878E-015
   0.0000000000000000     
   6.9148532137478604E-016
   6.9304048933762192E-016
   8.6824981189001261E-016
   0.0000000000000000     
   5.2329839756671164E-016
   6.9930320905726887E-016
   8.7609933004454214E-016
   1.7561499360248081E-016
   3.5202237647040272E-016
   5.2922535932291365E-016
   8.8403395715397234E-016
   0.0000000000000000     
   7.1042680530274517E-016
   7.1203311748776367E-016
   1.0704656629081691E-015
   5.3644409378305233E-016
   5.3765863492590436E-016
   8.9812744122983763E-016
   1.0801951862130077E-015
   3.6088135330098206E-016
   3.6169985681666272E-016
   7.2504115854904768E-016
   9.0835881838202444E-016
   5.4625306162740890E-016
   7.2999225438582972E-016
   9.1456448105183518E-016
   9.1664427550283045E-016
   3.6749188732232642E-016
   5.5249249589213924E-016
   1.1075011405535359E-015
   9.2502010736678365E-016
   1.8542566287947679E-016
   7.4339380437605425E-016
   5.5881716873502307E-016
   9.3348740902590586E-016
   1.8712373125864509E-016
   5.6265342430281504E-016
   7.5191886335627627E-016
   9.4204728995776940E-016
   5.6652111426537622E-016
   7.5708983868575622E-016
   9.4852863146890486E-016
   1.3309812239764255E-015
   3.8115161785618258E-016
   3.8202526421030417E-016
   7.6580259194070104E-016
   1.1513391610812887E-015
   0.0000000000000000     
   5.7831566406896702E-016
   9.6607355477193567E-016
   1.3556112133774911E-015
   5.8231197940898603E-016
   9.7275229871341821E-016
   1.1699888897001533E-015
   1.3681294372662583E-015
   3.9179441202580506E-016
   7.8539433061988220E-016
   1.1808071768270676E-015
   1.1835303013134156E-015
   5.9313044600373503E-016
   5.9449948580121495E-016
   1.1917445628663567E-015
   9.9541474053536447E-016
   1.5963444957989952E-015
   8.0001775698734488E-016
   1.2028025026079011E-015
   1.4065169957722845E-015
   1.6111695200117992E-015
   1.0093132973377098E-015
   1.4163128818323133E-015
   1.4195961540516584E-015
   1.8294280204938058E-015
   6.1122421216010866E-016
   1.2252859591331515E-015
   1.0234427571113703E-015
   1.4361485790936400E-015
   6.1692277327668027E-016
   1.0305954025818371E-015
   1.4461898850961436E-015
   1.6566348155568500E-015
   8.3024590139706978E-016
   1.0402246464069602E-015
   1.2511783068485427E-015
   1.8811426050896071E-015
   8.3801325992446133E-016
   1.2599527909756282E-015
   1.6838583974060532E-015
   1.6877905812446326E-015
   1.0573335245873531E-015
   1.4837266543675508E-015
   1.4871959476591120E-015
   1.9165819418078891E-015
   1.0672595512172238E-015
   1.4976615614129821E-015
   1.7156222198625213E-015
   2.1495529204678673E-015
   1.2927551974958052E-015
   1.5117515305537339E-015
   1.5152984747741610E-015
   1.9528139055347696E-015
   8.6995538059044728E-016
   1.5259984736143735E-015
   1.5295849630261081E-015
   1.9712332475900434E-015
   8.7816449116472447E-016
   1.3203465668499641E-015
   1.7646066868368176E-015
   2.2109535134895601E-015
   1.3296978723504340E-015
   1.1106936121570982E-015
   1.3359755215878296E-015
   2.0086911903263357E-015
   1.0067161330774166E-015
   1.3454577002936568E-015
   1.4610223939220038E-015
   1.9150829680565960E-015
   9.0334624969230053E-016
   1.0186682941854433E-015
   1.5883447442326021E-015
   1.8195483759870859E-015
   7.9793770542958143E-016
   1.2568729817713133E-015
   1.7179802096713108E-015
   1.9516612774753595E-015
   1.0356835881350684E-015
   1.0381415882743940E-015
   1.2718523432028768E-015
   1.8543613020988865E-015
   9.2938392802931877E-016
   1.1644917153637591E-015
   1.2839873790153632E-015
   1.7550578232502623E-015
   7.0369417495841001E-016
   1.2931781566437445E-015
   1.2962589379734448E-015
   1.6537160921255830E-015
   9.4723377730529781E-016
   9.4949325231053827E-016
   1.3086687194506793E-015
   1.4310468691764466E-015
   5.9769362770313454E-016
   1.0784191085050921E-015
   1.3212184457424034E-015
   1.4447759429817269E-015
   9.6548824200714392E-016
   1.2097487531071529E-015
   1.3339098623959304E-015
   1.7017700795145047E-015
   6.0923148024193779E-016
   1.2213840659405500E-015
   1.2243133986779852E-015
   1.5954262795821343E-015
   8.6113779393068606E-016
   9.8652081358706251E-016
   1.2361135156854912E-015
   1.4869012446261680E-015
   6.2103180376231267E-016
   1.1205461275321926E-015
   1.2480473325962475E-015
   1.7514726224362994E-015
   7.5243894054955645E-016
   1.0056691538491673E-015
   1.5121398287022171E-015
   1.5157862068678714E-015
   8.8634169012786786E-016
   1.0154066215896662E-015
   1.5267873442436788E-015
   1.7855543595834507E-015
   6.3923892843849619E-016
   1.0252547770441723E-015
   1.4131346258758053E-015
   1.5453311945508396E-015
   6.4544648002047687E-016
   1.0352150104147659E-015
   1.1674380888470280E-015
   1.6903860933656713E-015
   7.8206968764000059E-016
   1.0452887308038655E-015
   1.0478250601987166E-015
   1.4442568170391949E-015
   7.8968951656553855E-016
   9.2354269567740642E-016
   1.3225533126861772E-015
   1.5909228438219290E-015
   7.9739634493150170E-016
   7.9933677389893080E-016
   1.0683769681297524E-015
   1.2048513283040583E-015
   1.7445810841695068E-015
   6.7262824649996701E-016
   1.3485368582318947E-015
   1.4870092317918051E-015
   1.7616633720029450E-015
   1.0867473415811370E-015
   1.2255769103128416E-015
   1.5015874909763225E-015
   1.7789413860673665E-015
   9.6023402522686071E-016
   1.3751188943353233E-015
   1.6541813812668275E-015
   1.9346035709706816E-015
   9.6967118649150209E-016
   1.2497751814895347E-015
   1.3920433393079245E-015
   1.8140945277578232E-015
   8.3932865428782596E-016
   1.4023146544444489E-015
   1.4057580518746399E-015
   1.6910535765740474E-015
   1.1301395771223537E-015
   1.1329180447215132E-015
   1.5615936585356124E-015
   1.8500607205219047E-015
   1.1413013479859136E-015
   1.4301397917862582E-015
   1.5770292817102229E-015
   1.7246355499699598E-015
   8.6444384916035006E-016
   1.0110053704571643E-015
   1.5926429608863385E-015
   1.5965744666786357E-015
   8.7300942440398459E-016
   1.0210272742010701E-015
   1.4622154191422652E-015
   1.7589969868819850E-015
   5.8778265375540663E-016
   1.0311650216769973E-015
   1.4767396166862678E-015
   1.6284365386860377E-015
   8.9043877887089210E-016
   1.3389686860046627E-015
   1.4914319459217746E-015
   1.4951315495594530E-015
   5.9953673166788089E-016
   7.5128140933775294E-016
   1.2050356416929765E-015
   1.2080296509183979E-015
   6.0551615501768274E-016
   7.5877727909793358E-016
   1.2170636880896635E-015
   1.5251155779204556E-015
   7.6445624818377693E-016
   9.1963224019158484E-016
   1.2292314598091787E-015
   1.5403693048000596E-015
   6.1768415026470953E-016
   9.2883754361667341E-016
   1.2415407450940254E-015
   1.7113805359996979E-015
   7.7984313806157311E-016
   9.3815000025387385E-016
   1.0972441872928239E-015
   1.4142702594020761E-015
   7.8767123978694387E-016
   1.1054994812262845E-015
   1.4249150249521065E-015
   1.7459247811026222E-015
   4.7735438982625847E-016
   9.5710188740510335E-016
   1.2793359377468004E-015
   1.6031816660369900E-015
   8.0360254056071407E-016
   9.6674412287062623E-016
   1.1307009521516243E-015
   1.7812803006692455E-015
   8.1170810132827845E-016
   9.7649912201680529E-016
   1.4684334911931585E-015
   1.4721290412101474E-015
   9.8389024500678426E-016
   9.8636833643086115E-016
   1.4832804872910241E-015
   1.6522437224853666E-015
   9.9384608559768607E-016
   9.9635323786916513E-016
   1.4983015706133666E-015
   2.0027790734692895E-015
   1.0039187304455206E-015
   1.3419404247410053E-015
   1.6816655413804413E-015
   1.6859179551805126E-015
   1.1831279685444064E-015
   1.3555681219806797E-015
   1.3590000129167947E-015
   1.7030524435128028E-015
   1.1951572325084938E-015
   1.1981866058540921E-015
   1.7160355128537517E-015
   1.8924274608484123E-015
   1.0348526735837215E-015
   1.0374798717606130E-015
   1.2134672430588130E-015
   1.7379290374221384E-015
   8.7117318730838355E-016
   1.2227436803696430E-015
   1.2258540099128491E-015
   1.7556764003812598E-015
   8.8007294352824477E-016
   1.0587771098925234E-015
   1.4152994648977907E-015
   1.9509967109117605E-015
   7.1126227461324036E-016
   1.2478839190620323E-015
   1.2510682070853191E-015
   1.4334421427170412E-015
   7.1855140158744635E-016
   1.2606774712326303E-015
   1.4444565266203280E-015
   1.6291683670070502E-015
   1.0888902651163363E-015
   1.4555686436828484E-015
   1.4592945655507614E-015
   1.4630314879548082E-015
   9.1673715409267832E-016
   1.1029038578317167E-015
   1.6585971924819549E-015
   1.4780898978680576E-015
   2.2228235403727970E-015
   1.2999752840910677E-015
   1.3033133491115486E-015
   1.8666589889235169E-015
   1.8714559222501952E-015
   9.3813352949220834E-016
   1.3167647116924497E-015
   1.8859321274319476E-015
   1.8907861519277595E-015
   1.1373927392383907E-015
   1.1403224487833084E-015
   1.5243477972915682E-015
   1.9103466084507618E-015
   7.6610921897578627E-016
   1.1521284666227982E-015
   1.5401358774961032E-015
   1.7371262724539307E-015
   9.6756276328284464E-016
   1.3580878965597562E-015
   1.5561123766933469E-015
   1.9501702880887350E-015
   1.1731290400889985E-015
   1.3721923990957691E-015
   1.5722797633392305E-015
   2.1674836270261005E-015
   1.5804358203592753E-015
   1.7825985874960250E-015
   2.1843807434986199E-015
   2.3891418736351930E-015
   1.5968942428807966E-015
   1.4009096169722144E-015
   1.8058469034448681E-015
   2.0117091738465898E-015
   1.2101624081603500E-015
   1.6177449036399695E-015
   1.8246965155008629E-015
   2.4392588734609548E-015
   1.4266046524174105E-015
   1.6346507037470206E-015
   2.0486359798112797E-015
   2.2593719485515957E-015
   1.2355973930839127E-015
   1.8582295513845908E-015
   1.8630774813789568E-015
   2.0754888078484654E-015
   1.2485446240404427E-015
   1.8777085561602327E-015
   2.0917942614679586E-015
   2.0972620240795683E-015
   1.2616477090064633E-015
   1.6865974304925514E-015
   1.6910111179509658E-015
   2.3312273202700376E-015
   1.4873934893105275E-015
   1.7043318288233273E-015
   2.1359984511653873E-015
   2.5699186707447963E-015
   1.5030513152172318E-015
   2.1528503234878994E-015
   2.1585014245553266E-015
   2.8134203806638097E-015
   1.5188982735999210E-015
   1.9580012457224913E-015
   2.1812763693326238E-015
   2.4057143242858377E-015
   1.3156601728273397E-015
   1.7588305793766647E-015
   2.4247595765706308E-015
   2.4311463030961007E-015
   1.9943609641958693E-015
   2.1107079269088583E-015
   2.1162738018834848E-015
   2.4568864456200761E-015
   1.7915418981405716E-015
   1.7962715304531241E-015
   2.2512693123855285E-015
   2.4829388426410119E-015
   1.6973871931358273E-015
   2.0422500798319225E-015
   2.3889271170544771E-015
   2.5093076433548351E-015
   1.4866975934185531E-015
   1.8346269148439004E-015
   2.4143264853574346E-015
   2.3054518693241009E-015
   1.7336727300260266E-015
   1.8541551446315434E-015
   1.8590742423843823E-015
   2.2135098023077680E-015
   1.5185277499173947E-015
   1.9910412965716289E-015
   1.8789002732978596E-015
   2.5903548545160744E-015
   1.2986213415495413E-015
   1.6571872741250342E-015
   1.8989681214573627E-015
   2.3800290559419866E-015
   1.4318203005506799E-015
   1.7945434129444777E-015
   1.9192810152303546E-015
   2.2852225178595987E-015
   1.3265521333188410E-015
   1.9346784649186941E-015
   1.9398422293166050E-015
   2.3097132938176091E-015
   1.5845513065390598E-015
   1.7109995844649816E-015
   1.9606550854545025E-015
   2.2116352639078172E-015
   1.4783676977809231E-015
   1.7293779061999443E-015
   1.9817229531387119E-015
   2.6079770916708255E-015
   1.6187872857937084E-015
   1.7479816020747911E-015
   2.0030492503493654E-015
   2.3850006612651745E-015
   1.3844946442151959E-015
   2.0192156515035536E-015
   2.0246374442929859E-015
   2.4107150424304283E-015
   1.6538688153707374E-015
   2.1685652342249273E-015
   2.4302081244344554E-015
   2.6932451989228749E-015
   1.9289235930757296E-015
   2.1919986791106331E-015
   2.4564786997163196E-015
   2.4630967546040186E-015
   2.8596932841945580E-015
   2.0853842788548686E-015
   2.2216968849324605E-015
   2.6208133171343179E-015
   2.8906759739432047E-015
   1.9762371820732441E-015
   1.9815752783924066E-015
   2.3843157367127965E-015
   3.0548611403899165E-015
   2.1308674379315877E-015
   2.5372502137722196E-015
   2.8119181332110501E-015
   2.8195304391823104E-015
   2.2886583362159410E-015
   2.4298503724423392E-015
   2.5717932072321803E-015
   2.9859393151687301E-015
   2.1774819593328884E-015
   2.3198517122227707E-015
   2.7366449408806407E-015
   3.0184829652575039E-015
   2.2012230653293874E-015
   2.6210549819725965E-015
   2.9048299748999881E-015
   3.1901314995066367E-015
   2.2252586246779034E-015
   2.5102282376140315E-015
   2.6568983313689010E-015
   3.2250038316740234E-015
   2.1089930867924890E-015
   2.8196540383499405E-015
   2.8273410056055380E-015
   3.1185569406129927E-015
   2.4163684352746657E-015
   2.4229632304197206E-015
   2.8583275926737333E-015
   3.0094410389097943E-015
   2.2991721990027511E-015
   2.5936384071709984E-015
   2.8897000158359030E-015
   3.0424842224809164E-015
   2.1791494138652560E-015
   2.3307885520401994E-015
   2.9214635193856707E-015
   2.9294661234143471E-015
   2.3499948688218939E-015
   2.6509913922783012E-015
   3.2489857665040027E-015
   3.1098122673010827E-015
   2.3758829686619390E-015
   2.8291063986563500E-015
   2.6875666155554892E-015
   3.4435473221431625E-015
   2.1018328547531555E-015
   2.5592423726077774E-015
   2.8681964041035533E-015
   3.3302067055086259E-015
   2.4286344500229055E-015
   2.5875287418472218E-015
   2.8999091287865706E-015
   3.3670411975618007E-015
   2.3020375533764476E-015
   2.9239542681577571E-015
   2.9320194027967170E-015
   3.2495949576428011E-015
   2.6378858092418316E-015
   3.1119644912609229E-015
   2.9645326613660160E-015
   3.5985613419834562E-015
   2.6671587480053498E-015
   2.6745342859749367E-015
   3.3129759372367192E-015
   3.3221440083869239E-015
   2.3795291299150791E-015
   2.7042680021488989E-015
   3.3498208277646383E-015
   3.3591042969807880E-015
   2.7268136503501943E-015
   2.7343760279234822E-015
   3.2258377888131891E-015
   3.5582696587577912E-015
   2.4328286248704079E-015
   2.9275025288935317E-015
   3.0987270607607722E-015
   3.2708837096159901E-015
   2.2959845562187055E-015
   2.7957356286627470E-015
   2.9684269924256338E-015
   3.4728040810773237E-015
   2.4874811783662814E-015
   2.6607037212716159E-015
   3.1683894587263698E-015
   3.1772209563194008E-015
   2.5153265184545300E-015
   2.5223427277606268E-015
   3.0352572448106734E-015
   3.3819220306185308E-015
   2.7130925447128251E-015
   2.7206712818956125E-015
   2.8987910376115139E-015
   3.5908694512568519E-015
   2.4006073120947222E-015
   2.7512260389593969E-015
   3.2762235474835009E-015
   3.4583105725229510E-015
   2.4275966913523029E-015
   3.1299395157694220E-015
   3.1387109191659941E-015
   3.4972333902473130E-015
   2.2795767274924759E-015
   2.9893478895936040E-015
   3.3504122621722278E-015
   3.7134834082307143E-015
   2.3052791603481334E-015
   2.6674104250995756E-015
   3.0315612974297417E-015
   3.0400843644293024E-015
   2.1519772533130506E-015
   2.3378677123274823E-015
   3.0658160027212795E-015
   3.0744476726972236E-015
   1.9949514121480351E-015
   2.5461826869267823E-015
   2.7357417988347055E-015
   3.1092491509832105E-015
   3.3014315595497716E-015
   2.3910946649572705E-015
   2.7667424671828586E-015
   3.1444948791502353E-015
   3.1533764462990494E-015
   2.2322020669788267E-015
   2.4250539702024879E-015
   2.9931209669430786E-015
   3.5643845478029811E-015
   2.4456899711236291E-015
   2.6412749918924682E-015
   3.0271471600743265E-015
   3.0357215664542553E-015
   2.4735126846593858E-015
   2.2897143509786382E-015
   3.2529597248526104E-015
   2.8784001131842615E-015
   2.6941297840462694E-015
   2.8947612085684477E-015
   3.2900450789439152E-015
   3.2993905397441977E-015
   2.3355994272983672E-015
   3.1229845923199398E-015
   2.9361233521243964E-015
   3.3370719689234936E-015
   2.7559969653637429E-015
   2.9612593192022897E-015
   2.9696916430512501E-015
   3.5737811477815433E-015
   2.5884190395494623E-015
   2.9951509277488616E-015
   3.2039378925599153E-015
   3.4138946528156547E-015
   2.4166845307892045E-015
   2.4235831175839297E-015
   3.0381297841953618E-015
   3.6561701057117588E-015
   2.2407109305718349E-015
   2.4513994663227526E-015
   3.2778792549697303E-015
   3.0818024089529371E-015
   2.0604141688397421E-015
   2.6862059751967919E-015
   3.1083440467644038E-015
   3.3250647402616154E-015
   2.7093568442913857E-015
   2.7171234889650962E-015
   2.5153062668519154E-015
   3.1531521137635007E-015
   1.8973202573566010E-015
   2.3256037790326028E-015
   3.3924102083176624E-015
   3.4021553072262050E-015
   2.5589488590091498E-015
   2.1385873953158394E-015
   2.7881583266433651E-015
   3.0112695042370790E-015
   2.3728059387241105E-015
   2.5959669619047484E-015
   2.6034424075748246E-015
   3.2636774884557688E-015
   2.1820548300220293E-015
   2.6260139082289622E-015
   2.8530519469383951E-015
   3.0813806269403579E-015
   2.4280711949447078E-015
   3.0991929907906390E-015
   2.6641220660609410E-015
   3.2284465325310634E-015
   2.6795384839763840E-015
   2.7992543180814338E-015
   2.8073488457751367E-015
   2.8154695956629406E-015
   2.5977273270731771E-015
   2.2654321046685075E-015
   2.7263904973374765E-015
   2.9621453312807096E-015
   2.1709171348245403E-015
   2.9793399416576465E-015
   2.7581345739654583E-015
   3.3424132360646424E-015
   2.0806211933396806E-015
   2.4344373926631678E-015
   2.5577684912061743E-015
   3.4979973657959091E-015
   2.3387743624687362E-015
   2.1110152644933073E-015
   2.5876320606778538E-015
   3.0670058112444826E-015
   2.3660999653082075E-015
   2.3729870386483563E-015
   3.2128603266791187E-015
   2.8641942520128986E-015
   1.6756481932922568E-015
   2.0406463296370909E-015
   2.4077603869814244E-015
   3.3806964955845543E-015
   1.5741888115852210E-015
   2.3074527743702203E-015
   2.8013878575828331E-015
   3.2981909061023936E-015
   1.8376819047292601E-015
   2.0887934151255002E-015
   2.9575066702094418E-015
   2.8425668312593791E-015
   1.7353204113691205E-015
   2.2376562469548577E-015
   2.6182422079064118E-015
   2.7509538201478171E-015
   2.0065552866364096E-015
   1.8866588170726413E-015
   2.5229201376391392E-015
   3.1628991728171039E-015
   1.6495328050031496E-015
   1.9088929047300100E-015
   2.0421301701547937E-015
   2.9441832901263351E-015
   1.9257604775050261E-015
   1.5451359371072303E-015
   2.0662377966821191E-015
   2.4608731378128819E-015
   1.6887086076289516E-015
   1.6936781758346277E-015
   2.4826628675284292E-015
   2.2278713676048256E-015
   1.8401223638261730E-015
   2.2410188045594039E-015
   2.5120514272816315E-015
   2.6520621718413153E-015
   2.6598853368786549E-015
   2.5343475344140612E-015
   2.1404871945202352E-015
   2.6835096681128504E-015
   2.8260081822285517E-015
   2.0245418802241710E-015
   2.0305261425144766E-015
   2.8511421819652994E-015
   2.5872349564118771E-015
   2.1851707328820838E-015
   2.4655933778667877E-015
   2.7476596567320252E-015
   2.8935877830775556E-015
   1.7965759428291566E-015
   2.4949395482960115E-015
   3.0584115969614684E-015
   3.4857755773042525E-015
   1.8179810994069843E-015
   1.9636364217549390E-015
   2.6728470656959778E-015
   2.5396912023710459E-015
   2.1226969851480172E-015
   2.5548065327974503E-015
   2.8471130484492088E-015
   2.8555801159031476E-015
   2.0048526594289713E-015
   2.0108189391164166E-015
   2.5930349881387826E-015
   3.1787028196834404E-015
   1.5940859735994323E-015
   1.8895337383214431E-015
   2.7698584589462052E-015
   2.7781180028015466E-015
   1.7598347131586357E-015
   2.2063574498080641E-015
   2.6555319694641943E-015
   2.9594013919292750E-015
   2.2261807365501962E-015
   2.2328324645588812E-015
   2.9860084095162004E-015
   2.5456959895857907E-015
   2.1027259438969832E-015
   2.5609494942813469E-015
   2.7197093004724412E-015
   2.7278520367168279E-015
   1.6720133760698454E-015
   2.2868491268651991E-015
   2.9053568452047979E-015
   3.2208109626361122E-015
   1.6921510236417151E-015
   2.6229878950019935E-015
   2.6308594659205857E-015
   3.2596413682809565E-015
   2.0239329012825431E-015
   2.3423224636065278E-015
