  5.36979087E-07
  1.01531157E-06
  1.49460664E-06
  1.97486838E-06
  2.45610136E-06
  2.99827548E-06
  3.48152457E-06
  3.96575842E-06
  4.45098067E-06
  4.99740599E-06
  5.48468142E-06
  5.91262551E-06
  6.40184817E-06
  6.83162443E-06
  7.32281160E-06
  7.81501876E-06
  8.30824956E-06
  8.80251082E-06
  9.29780526E-06
  9.73330407E-06
  1.02306158E-05
  1.07289752E-05
  1.11673626E-05
  1.16677656E-05
  1.21080793E-05
  1.25493289E-05
  1.30528015E-05
  1.34960028E-05
  1.39401536E-05
  1.44467340E-05
  1.48928621E-05
  1.54015597E-05
  1.58496841E-05
  1.62987781E-05
  1.67488470E-05
  1.72617674E-05
  1.76519297E-05
  1.81049527E-05
  1.86210382E-05
  1.90761166E-05
  1.95944012E-05
  1.99892820E-05
  2.04473781E-05
  2.09064892E-05
  2.13666190E-05
  2.18277728E-05
  2.22899544E-05
  2.27531691E-05
  2.31546692E-05
  2.36827127E-05
  2.40861609E-05
  2.45534811E-05
  2.49588265E-05
  2.54281913E-05
  2.58354521E-05
  2.63068778E-05
  2.67793766E-05
  2.71895733E-05
  2.76007104E-05
  2.80763143E-05
  2.84894159E-05
  2.89034688E-05
  2.93822177E-05
  2.97344523E-05
  3.02152712E-05
  3.06332477E-05
  3.10522009E-05
  3.14721292E-05
  3.18930397E-05
  3.23791828E-05
  3.27378257E-05
  3.31617084E-05
  3.35221266E-05
  3.40124789E-05
  3.44393702E-05
  3.48672729E-05
  3.52314273E-05
  3.56612945E-05
  3.60272679E-05
  3.64591106E-05
  3.68919900E-05
  3.72607610E-05
  3.76956414E-05
  3.80662714E-05
  3.85031744E-05
  3.88756816E-05
  3.92490947E-05
  3.96234136E-05
  3.99986493E-05
  4.04405582E-05
  4.08177075E-05
  4.11957808E-05
  4.16407784E-05
  4.20207944E-05
  4.24678947E-05
  4.28498679E-05
  4.32327834E-05
  4.36166483E-05
  4.40014664E-05
  4.43872414E-05
  4.47073508E-05
  4.50949701E-05
  4.54167712E-05
  4.58062532E-05
  4.61967102E-05
  4.65881531E-05
  4.69134611E-05
  4.73067921E-05
  4.77011199E-05
  4.80964409E-05
  4.84253214E-05
  4.88225705E-05
  4.91532119E-05
  4.95524000E-05
  4.98848276E-05
  5.02181101E-05
  5.05522476E-05
  5.08872508E-05
  5.12912338E-05
  5.16280525E-05
  5.19657478E-05
  5.23043163E-05
  5.27122247E-05
  5.29840981E-05
  5.33253187E-05
  5.37361448E-05
  5.40792389E-05
  5.44232316E-05
  5.47681229E-05
  5.51139237E-05
  5.54606304E-05
  5.58774991E-05
  5.61567940E-05
  5.65062583E-05
  5.68566466E-05
  5.71383680E-05
  5.74905280E-05
  5.78436266E-05
  5.81976637E-05
  5.84826921E-05
  5.87684808E-05
  5.91251846E-05
  5.94126104E-05
  5.97711405E-05
  6.00602179E-05
  6.03500775E-05
  6.07113252E-05
  6.10028546E-05
  6.12243966E-05
  6.15882964E-05
  6.19531929E-05
  6.22480075E-05
  6.25436369E-05
  6.28400740E-05
  6.32086667E-05
  6.34353928E-05
  6.37342819E-05
  6.41056249E-05
  6.44062529E-05
  6.46359040E-05
  6.49381109E-05
  6.51691371E-05
  6.54729229E-05
  6.58497665E-05
  6.60830337E-05
  6.63893661E-05
  6.66965498E-05
  6.70045920E-05
  6.72408059E-05
  6.74776820E-05
  6.77881180E-05
  6.80264420E-05
  6.83385297E-05
  6.85783089E-05
  6.88920554E-05
  6.91332971E-05
  6.94487244E-05
  6.96914431E-05
  7.00085584E-05
  7.01789686E-05
  7.04237827E-05
  7.06692954E-05
  7.09896267E-05
  7.12366527E-05
  7.14843918E-05
  7.17328439E-05
  7.19820164E-05
  7.22319091E-05
  7.24825222E-05
  7.27338556E-05
  7.29859239E-05
  7.31636756E-05
  7.34171044E-05
  7.36712682E-05
  7.38508097E-05
  7.41063486E-05
  7.43626297E-05
  7.45439829E-05
  7.48016537E-05
  7.49841856E-05
  7.52432679E-05
  7.54269931E-05
  7.56112640E-05
  7.58724200E-05
  7.60578914E-05
  7.63204735E-05
  7.65071673E-05
  7.66944140E-05
  7.69591061E-05
  7.71475825E-05
  7.73366264E-05
  7.75262306E-05
  7.77164096E-05
  7.79071561E-05
  7.80984701E-05
  7.82126954E-05
  7.84050499E-05
  7.85979792E-05
  7.88695106E-05
  7.89855912E-05
  7.91802740E-05
  7.92971841E-05
  7.94929292E-05
  7.96106688E-05
  7.97287721E-05
  7.99260670E-05
  8.01239512E-05
  8.02433860E-05
  8.04423544E-05
  8.06419412E-05
  8.07627075E-05
  8.08838449E-05
  8.10850179E-05
  8.12867947E-05
  8.14093000E-05
  8.15321837E-05
  8.16554457E-05
  8.17790860E-05
  8.19031047E-05
  8.20275091E-05
  8.20716668E-05
  8.22774673E-05
  8.24030212E-05
  8.25289753E-05
  8.26553078E-05
  8.27820331E-05
  8.29091514E-05
  8.29551718E-05
  8.30829522E-05
  8.32111327E-05
  8.33397062E-05
  8.34686798E-05
  8.34338061E-05
  8.35633327E-05
  8.36108738E-05
  8.38235865E-05
  8.38716733E-05
  8.40026842E-05
  8.40512075E-05
  8.41829024E-05
  8.43150119E-05
  8.44475289E-05
  8.44970418E-05
  8.46302573E-05
  8.45965260E-05
  8.47303163E-05
  8.47805713E-05
  8.49150601E-05
  8.49657517E-05
  8.51009463E-05
  8.51520890E-05
  8.52879966E-05
  8.53395832E-05
  8.53064339E-05
  8.54432219E-05
  8.54952741E-05
  8.55474864E-05
  8.55998587E-05
  8.55668113E-05
  8.56193583E-05
  8.56720580E-05
  8.57249252E-05
  8.56918195E-05
  8.57448540E-05
  8.57980558E-05
  8.58514104E-05
  8.58182320E-05
  8.58717685E-05
  8.59254651E-05
  8.58050771E-05
  8.59460633E-05
  8.59126885E-05
  8.58791827E-05
  8.59332431E-05
  8.58117928E-05
  8.58658750E-05
  8.58319909E-05
  8.57979830E-05
  8.57638297E-05
  8.58181156E-05
  8.57838459E-05
  8.58382991E-05
  8.58038984E-05
  8.57693594E-05
  8.57346749E-05
  8.56998595E-05
  8.56648985E-05
  8.56297920E-05
  8.55945473E-05
  8.55591497E-05
  8.55236067E-05
  8.55782855E-05
  8.54520767E-05
  8.54160826E-05
  8.53799356E-05
  8.53436504E-05
  8.52160520E-05
  8.51792938E-05
  8.50509168E-05
  8.50136930E-05
  8.48845229E-05
  8.47548872E-05
  8.48089403E-05
  8.46786497E-05
  8.46402909E-05
  8.46017574E-05
  8.44703318E-05
  8.43384114E-05
  8.42059962E-05
  8.41662986E-05
  8.40330467E-05
  8.39928325E-05
  8.38587366E-05
  8.37241314E-05
  8.36830441E-05
  8.36417748E-05
  8.36003237E-05
  8.34641542E-05
  8.33274607E-05
  8.31902507E-05
  8.30525096E-05
  8.30094359E-05
  8.28707998E-05
  8.27316253E-05
  8.24962044E-05
  8.23557784E-05
  8.22148068E-05
  8.20732821E-05
  8.19312118E-05
  8.17885812E-05
  8.16453903E-05
  8.14047235E-05
  8.13573206E-05
  8.11151622E-05
  8.09695266E-05
  8.08233235E-05
  8.05787349E-05
  8.04311931E-05
  8.01849019E-05
  8.00359921E-05
  7.97879911E-05
  7.97364046E-05
  7.94868392E-05
  7.92363062E-05
  7.89848054E-05
  7.87323224E-05
  7.85784578E-05
  7.83241849E-05
  7.80689297E-05
  7.78126705E-05
  7.74550717E-05
  7.71966224E-05
  7.69371545E-05
  7.67775564E-05
  7.65162185E-05
  7.63551361E-05
  7.59904651E-05
  7.57260204E-05
  7.55623769E-05
  7.51939951E-05
  7.49263927E-05
  7.46577207E-05
  7.43879791E-05
  7.41171680E-05
  7.38452654E-05
  7.35722788E-05
  7.31948094E-05
  7.29194289E-05
  7.26429498E-05
  7.23653502E-05
  7.19824529E-05
  7.17024086E-05
  7.13166592E-05
  7.09293672E-05
  7.07504805E-05
  7.03604892E-05
  7.00743185E-05
  6.96813950E-05
  6.93926850E-05
  6.89968001E-05
  6.85993218E-05
  6.83066464E-05
  6.79061559E-05
  6.76108612E-05
  6.72073365E-05
  6.68021748E-05
  6.62879174E-05
  6.59868965E-05
  6.55767726E-05
  6.50568909E-05
  6.47514898E-05
  6.43363092E-05
  6.39194332E-05
  6.35008546E-05
  6.30805589E-05
  6.26585243E-05
  6.22347652E-05
  6.18092527E-05
  6.13819866E-05
  6.09529525E-05
  6.04117013E-05
  6.00895619E-05
  5.95442907E-05
  5.91078788E-05
  5.86696551E-05
  5.82296125E-05
  5.76759558E-05
  5.71200035E-05
  5.66739764E-05
  5.61136258E-05
  5.56636260E-05
  5.52117453E-05
  5.46448282E-05
  5.43022834E-05
  5.37310771E-05
  5.32713202E-05
  5.28096207E-05
  5.21173788E-05
  5.17658336E-05
  5.10684913E-05
  5.05982280E-05
  5.00107271E-05
  4.95362256E-05
  4.89439954E-05
  4.84652119E-05
  4.77520080E-05
  4.71522217E-05
  4.66665624E-05
  4.60619121E-05
  4.54546898E-05
  4.48448809E-05
  4.43501121E-05
  4.37353337E-05
  4.29997890E-05
  4.24978716E-05
  4.19937933E-05
  4.12497866E-05
  4.06217187E-05
  4.00506433E-05
  3.94771050E-05
  3.87812070E-05
  3.81423779E-05
  3.74405936E-05
  3.69167501E-05
  3.61488237E-05
  3.54987387E-05
  3.47851237E-05
  3.41292543E-05
  3.34705292E-05
  3.27478410E-05
  3.20832369E-05
  3.13543751E-05
  3.06838228E-05
  3.00103402E-05
  2.92721543E-05
  2.85307360E-05
  2.77860690E-05
  2.71002955E-05
  2.64115079E-05
  2.57196898E-05
  2.49622590E-05
  2.42641927E-05
  2.34373711E-05
  2.26698776E-05
  2.19620997E-05
  2.11879415E-05
  2.04103526E-05
  1.96293167E-05
  1.89084803E-05
  1.80568259E-05
  1.72653308E-05
  1.64703124E-05
  1.56717506E-05
  1.48052550E-05
  1.39348886E-05
  1.31252909E-05
  1.22472675E-05
  1.14302566E-05
  1.06095804E-05
  9.78521894E-06
  8.89177045E-06
  8.12535927E-06
  7.22414461E-06
  6.31886769E-06
  5.40950577E-06
  4.42991723E-06
  3.64470247E-06
  2.72309740E-06
  1.79731592E-06
  8.00616704E-07
   0.0000000    
  1.00532031E-06
  2.01521539E-06
  3.02971080E-06
  3.98135171E-06
  4.80206745E-06
  5.89768842E-06
  6.86243311E-06
  7.89969545E-06
  8.73694171E-06
  9.78326807E-06
  1.08344011E-05
  1.18903681E-05
  1.29511955E-05
  1.39478625E-05
  1.50183332E-05
  1.59550091E-05
  1.71045995E-05
  1.82595104E-05
  1.91403560E-05
  2.03053478E-05
  2.14055672E-05
  2.25108961E-05
  2.34803465E-05
  2.45956526E-05
  2.57869997E-05
  2.69128959E-05
  2.80440509E-05
  2.89664586E-05
  3.01792224E-05
  3.13976707E-05
  3.25499823E-05
  3.35636541E-05
  3.47264649E-05
  3.58947473E-05
  3.70685266E-05
  3.83932602E-05
  3.94327071E-05
  4.06962354E-05
  4.19657335E-05
  4.32412417E-05
  4.44492107E-05
  4.56629023E-05
  4.69562947E-05
  4.81075876E-05
  4.94872547E-05
  5.06500510E-05
  5.19677051E-05
  5.32168015E-05
  5.45468829E-05
  5.58081156E-05
  5.70753800E-05
  5.84998597E-05
  5.97038961E-05
  6.11415380E-05
  6.24338281E-05
  6.37323246E-05
  6.51900846E-05
  6.66548804E-05
  6.79729710E-05
  6.92974281E-05
  7.07055369E-05
  7.21979231E-05
  7.35422364E-05
  7.49709070E-05
  7.63284697E-05
  7.78490794E-05
  7.92986684E-05
  8.07553079E-05
  8.20614005E-05
  8.36899271E-05
  8.51679797E-05
  8.67326671E-05
  8.82254026E-05
  8.96456258E-05
  9.11528186E-05
  9.26673965E-05
  9.41894104E-05
  9.59608078E-05
  9.72559283E-05
  9.88815518E-05
  1.00515201E-04
  1.02075472E-04
  1.03561775E-04
  1.05219158E-04
  1.06884756E-04
  1.08558619E-04
  1.10240784E-04
  1.11683155E-04
  1.13464390E-04
  1.15088216E-04
  1.16886840E-04
  1.18443721E-04
  1.20092132E-04
  1.21916804E-04
  1.23582155E-04
  1.25424733E-04
  1.26937884E-04
  1.28883024E-04
  1.30667759E-04
  1.32376124E-04
  1.34093047E-04
  1.35818627E-04
  1.37638883E-04
  1.39468335E-04
  1.41393495E-04
  1.43155019E-04
  1.45099300E-04
  1.47053433E-04
  1.48930121E-04
  1.50816326E-04
  1.52448556E-04
  1.54353285E-04
  1.56444366E-04
  1.58457580E-04
  1.60303491E-04
  1.62069759E-04
  1.64202123E-04
  1.66076876E-04
  1.68050959E-04
  1.70035171E-04
  1.72119806E-04
  1.74215165E-04
  1.76321308E-04
  1.78347342E-04
  1.80201358E-04
  1.82430769E-04
  1.84580014E-04
  1.86648394E-04
  1.88543025E-04
  1.90817314E-04
  1.92825231E-04
  1.95029512E-04
  1.97245245E-04
  1.99285525E-04
  2.01523886E-04
  2.03773932E-04
  2.05847158E-04
  2.08120240E-04
  2.10215629E-04
  2.12607105E-04
  2.14915824E-04
  2.17332257E-04
  2.19377951E-04
  2.21530427E-04
  2.23983370E-04
  2.26255914E-04
  2.28734309E-04
  2.30934151E-04
  2.33340528E-04
  2.35564090E-04
  2.38093489E-04
  2.40243040E-04
  2.42896873E-04
  2.45169358E-04
  2.47652148E-04
  2.50247569E-04
  2.52457947E-04
  2.54879997E-04
  2.57415231E-04
  2.59963999E-04
  2.62425514E-04
  2.64697825E-04
  2.67388008E-04
  2.69990909E-04
  2.72607780E-04
  2.75033992E-04
  2.77678453E-04
  2.80234206E-04
  2.83010129E-04
  2.85490474E-04
  2.87984119E-04
  2.90803524E-04
  2.93533813E-04
  2.96174112E-04
  2.98723637E-04
  3.01708264E-04
  3.04286572E-04
  3.07090697E-04
  3.09910130E-04
  3.12638294E-04
  3.15381243E-04
  3.18246341E-04
  3.21019528E-04
  3.24023538E-04
  3.26719513E-04
  3.29755654E-04
  3.32699652E-04
  3.35659803E-04
  3.38417216E-04
  3.41409323E-04
  3.44417873E-04
  3.47553490E-04
  3.50484799E-04
  3.53321142E-04
  3.56395962E-04
  3.59599566E-04
  3.62596678E-04
  3.65722837E-04
  3.68753506E-04
  3.71914095E-04
  3.74978728E-04
  3.78401921E-04
  3.81273247E-04
  3.84618645E-04
  3.87982756E-04
  3.91135196E-04
  3.94536415E-04
  3.97492811E-04
  4.01047233E-04
  4.04271676E-04
  4.07631160E-04
  4.10892098E-04
  4.14171285E-04
  4.17468866E-04
  4.20903467E-04
  4.24476340E-04
  4.27830935E-04
  4.31204418E-04
  4.34776885E-04
  4.38369665E-04
  4.41922428E-04
  4.45131940E-04
  4.48906299E-04
  4.52336477E-04
  4.56030684E-04
  4.59561939E-04
  4.63174802E-04
  4.66931670E-04
  4.70648141E-04
  4.74261615E-04
  4.77833382E-04
  4.81613009E-04
  4.85477067E-04
  4.89174563E-04
  4.92893276E-04
  4.96569963E-04
  5.00521797E-04
  5.04560187E-04
  5.08302241E-04
  5.12065890E-04
  5.15915453E-04
  5.19916357E-04
  5.24069939E-04
  5.27987839E-04
  5.31928381E-04
  5.36022591E-04
  5.40009292E-04
  5.44282491E-04
  5.47986303E-04
  5.52241516E-04
  5.56322164E-04
  5.60693385E-04
  5.64956455E-04
  5.68975927E-04
  5.73220896E-04
  5.77558356E-04
  5.81853499E-04
  5.86241949E-04
  5.90383133E-04
  5.94822515E-04
  5.99219406E-04
  6.03711174E-04
  6.08091126E-04
  6.12427481E-04
  6.16998354E-04
  6.21526502E-04
  6.25941204E-04
  6.30452414E-04
  6.34990283E-04
  6.39626000E-04
  6.44360320E-04
  6.48623740E-04
  6.53556315E-04
  6.58159435E-04
  6.63006213E-04
  6.67809683E-04
  6.72424387E-04
  6.77357661E-04
  6.82101585E-04
  6.87093707E-04
  6.91895373E-04
  6.96725794E-04
  7.01807381E-04
  7.06771039E-04
  7.11690111E-04
  7.16713665E-04
  7.21617369E-04
  7.26701343E-04
  7.31967331E-04
  7.37113587E-04
  7.42138829E-04
  7.47117971E-04
  7.52664055E-04
  7.57936388E-04
  7.63009186E-04
  7.68190192E-04
  7.73636042E-04
  7.78959191E-04
  7.84549862E-04
  7.89703336E-04
  7.95361353E-04
  8.00896029E-04
  8.06305790E-04
  8.11748730E-04
  8.17305059E-04
  8.22975941E-04
  8.28440068E-04
  8.34180391E-04
  8.39956279E-04
  8.45605042E-04
  8.51370452E-04
  8.57253617E-04
  8.63173394E-04
  8.68964766E-04
  8.74874997E-04
  8.80822015E-04
  8.86806112E-04
  8.92659882E-04
  8.98718310E-04
  9.04814689E-04
  9.11034003E-04
  9.17207275E-04
  9.22906736E-04
  9.29413189E-04
  9.35702585E-04
  9.41945240E-04
  9.48313856E-04
  9.54200572E-04
  9.60735313E-04
  9.67136177E-04
  9.73841408E-04
  9.80059383E-04
  9.86493891E-04
  9.93235968E-04
  9.99931712E-04
  1.00649078E-03
  1.01300154E-03
  1.01973419E-03
  1.02650991E-03
  1.03341974E-03
  1.04028266E-03
  1.04691414E-03
  1.05377205E-03
  1.06085860E-03
  1.06771267E-03
  1.07442425E-03
  1.08183292E-03
  1.08910212E-03
  1.09604152E-03
  1.10340363E-03
  1.11033884E-03
  1.11779501E-03
  1.12520391E-03
  1.13256497E-03
  1.13997376E-03
  1.14733377E-03
  1.15454709E-03
  1.16229488E-03
  1.16979948E-03
  1.17745134E-03
  1.18495570E-03
  1.19270710E-03
  1.20040972E-03
  1.20826275E-03
  1.21606700E-03
  1.22372084E-03
  1.23172801E-03
  1.23968639E-03
  1.24769728E-03
  1.25565857E-03
  1.26387761E-03
  1.27194496E-03
  1.28016900E-03
  1.28823949E-03
  1.29636319E-03
  1.30485487E-03
  1.31319277E-03
  1.32148038E-03
  1.33014109E-03
  1.33864686E-03
  1.34731608E-03
  1.35604327E-03
  1.36428990E-03
  1.37291581E-03
  1.38192531E-03
  1.39088638E-03
  1.39957911E-03
  1.40832993E-03
  1.41736038E-03
  1.42667349E-03
  1.43571559E-03
  1.44459493E-03
  1.45387079E-03
  1.46332232E-03
  1.47283811E-03
  1.48207752E-03
  1.49126514E-03
  1.50085893E-03
  1.51051814E-03
  1.52012752E-03
  1.52945414E-03
  1.53942697E-03
  1.54899980E-03
  1.55899057E-03
  1.56893197E-03
  1.57858571E-03
  1.58854353E-03
  1.59862940E-03
  1.60902494E-03
  1.61888939E-03
  1.62894232E-03
  1.63961202E-03
  1.64992828E-03
  1.66037714E-03
  1.67040527E-03
  1.68099743E-03
  1.69178739E-03
  1.70252786E-03
  1.71302946E-03
  1.72360393E-03
  1.73456781E-03
  1.74522726E-03
  1.75647123E-03
  1.76747376E-03
  1.77829573E-03
  1.78964564E-03
  1.80075085E-03
  1.81225990E-03
  1.82339165E-03
  1.83499616E-03
  1.84641837E-03
  1.85798737E-03
  1.86970469E-03
  1.88110315E-03
  1.89305271E-03
  1.90488447E-03
  1.91693602E-03
  1.92873226E-03
  1.94081757E-03
  1.95292011E-03
  1.96497072E-03
  1.97752356E-03
  1.98953878E-03
  2.00226996E-03
  2.01474084E-03
  2.02730112E-03
  2.04009353E-03
  2.05269246E-03
  2.06559710E-03
  2.07852270E-03
  2.09125225E-03
  2.10421858E-03
  2.11720541E-03
  2.13050586E-03
  2.14390294E-03
  2.15754565E-03
  2.17076694E-03
  2.18445784E-03
  2.19809846E-03
  2.21183849E-03
  2.22537573E-03
  2.23954441E-03
  2.25351122E-03
  2.26734951E-03
  2.28175242E-03
  2.29571830E-03
  2.30986439E-03
  2.32434901E-03
  2.33925576E-03
  2.35379837E-03
  2.36821012E-03
  2.38304702E-03
  2.39791395E-03
  2.41297157E-03
  2.42789835E-03
  2.44326121E-03
  2.45808437E-03
  2.47383909E-03
  2.48905132E-03
  2.50470871E-03
  2.52015004E-03
  2.53595784E-03
  2.55188416E-03
  2.56793061E-03
  2.58375751E-03
  2.59978813E-03
  2.61611142E-03
  2.63264426E-03
  2.64826138E-03
  2.66521517E-03
  2.68177269E-03
  2.69836746E-03
  2.71570729E-03
  2.73202383E-03
  2.74971407E-03
  2.76673236E-03
  2.78369919E-03
  2.80143018E-03
  2.81856791E-03
  2.83693592E-03
  2.85434094E-03
  2.87206401E-03
  2.89048138E-03
  2.90791923E-03
  2.92624184E-03
  2.94517889E-03
  2.96331360E-03
  2.98244692E-03
  3.00077046E-03
  3.01933149E-03
  3.03861802E-03
  3.05756787E-03
  3.07705696E-03
  3.09650181E-03
  3.11550498E-03
  3.13535170E-03
  3.15505476E-03
  3.17541510E-03
  3.19502642E-03
  3.21438466E-03
  3.23511916E-03
  3.25529953E-03
  3.27636139E-03
  3.29686445E-03
  3.31711234E-03
  3.33825336E-03
  3.35935177E-03
  3.38040595E-03
  3.40184034E-03
  3.42344586E-03
  3.44554707E-03
  3.46695958E-03
  3.48876021E-03
  3.51128262E-03
  3.53321643E-03
  3.55621101E-03
