  3.57986039E-07
  6.56966336E-07
  1.01633248E-06
  1.31657896E-06
  1.61743264E-06
  1.97886175E-06
  2.34102527E-06
  2.64383880E-06
  2.94727101E-06
  3.31153410E-06
  3.67654457E-06
  3.98197244E-06
  4.34842514E-06
  4.65517769E-06
  5.02308558E-06
  5.33117554E-06
  5.63990670E-06
  6.00999010E-06
  6.32007641E-06
  6.63081300E-06
  6.94220353E-06
  7.31521050E-06
  7.56695590E-06
  7.88032321E-06
  8.19435627E-06
  8.50905690E-06
  8.88570958E-06
  9.20181992E-06
  9.51860693E-06
  9.83607424E-06
  1.00926836E-05
  1.04730607E-05
  1.07925862E-05
  1.10510646E-05
  1.13719107E-05
  1.16934552E-05
  1.19537635E-05
  1.22766460E-05
  1.26002351E-05
  1.28623969E-05
  1.31873430E-05
  1.34507318E-05
  1.37770448E-05
  1.40416714E-05
  1.43068883E-05
  1.46352404E-05
  1.49643238E-05
  1.52314597E-05
  1.54991958E-05
  1.58303537E-05
  1.60993659E-05
  1.63689874E-05
  1.66392183E-05
  1.69731611E-05
  1.72446908E-05
  1.75800778E-05
  1.79162271E-05
  1.81897612E-05
  1.84639230E-05
  1.88022386E-05
  1.90777337E-05
  1.93538654E-05
  1.96943711E-05
  1.99080459E-05
  2.02499814E-05
  2.05287524E-05
  2.08081747E-05
  2.10882499E-05
  2.13689782E-05
  2.17146116E-05
  2.19324138E-05
  2.22151266E-05
  2.24985033E-05
  2.28470908E-05
  2.31318845E-05
  2.34173531E-05
  2.36387350E-05
  2.39254859E-05
  2.41480066E-05
  2.44360544E-05
  2.47247899E-05
  2.49490768E-05
  2.52391219E-05
  2.55298673E-05
  2.58213131E-05
  2.60480156E-05
  2.62752692E-05
  2.65030794E-05
  2.67971245E-05
  2.70918863E-05
  2.73215301E-05
  2.75517395E-05
  2.78485077E-05
  2.80799322E-05
  2.83780792E-05
  2.86107297E-05
  2.88439587E-05
  2.90777643E-05
  2.93786234E-05
  2.96802264E-05
  2.99159456E-05
  3.02189674E-05
  3.04559508E-05
  3.07604023E-05
  3.09986644E-05
  3.12375232E-05
  3.14769859E-05
  3.17170525E-05
  3.20250110E-05
  3.22663800E-05
  3.25083638E-05
  3.27509624E-05
  3.29265677E-05
  3.31703231E-05
  3.34147007E-05
  3.36597041E-05
  3.39053404E-05
  3.41516061E-05
  3.43985048E-05
  3.45778390E-05
  3.48259273E-05
  3.50746595E-05
  3.53924952E-05
  3.55740594E-05
  3.58247307E-05
  3.60760569E-05
  3.63280378E-05
  3.65806773E-05
  3.67649991E-05
  3.69498121E-05
  3.71351125E-05
  3.73901494E-05
  3.75765230E-05
  3.78328150E-05
  3.80897836E-05
  3.82778344E-05
  3.85360763E-05
  3.87950022E-05
  3.90546156E-05
  3.92449620E-05
  3.94358212E-05
  3.96271971E-05
  3.98190896E-05
  4.00818244E-05
  4.02748447E-05
  4.04683924E-05
  4.07330626E-05
  4.09277563E-05
  4.10521970E-05
  4.12478585E-05
  4.15150243E-05
  4.17118499E-05
  4.19092175E-05
  4.21071236E-05
  4.23769161E-05
  4.25045691E-05
  4.27041123E-05
  4.29758365E-05
  4.31765766E-05
  4.33060559E-05
  4.35078146E-05
  4.36381197E-05
  4.38409006E-05
  4.41164520E-05
  4.42481578E-05
  4.44526413E-05
  4.46576887E-05
  4.48633145E-05
  4.50695115E-05
  4.52034947E-05
  4.54107503E-05
  4.55455993E-05
  4.57539245E-05
  4.58896466E-05
  4.60990450E-05
  4.62356438E-05
  4.64461300E-05
  4.65836129E-05
  4.67951941E-05
  4.68597755E-05
  4.70723498E-05
  4.72115316E-05
  4.74993212E-05
  4.76395107E-05
  4.78544171E-05
  4.79955233E-05
  4.81370407E-05
  4.83535914E-05
  4.84960365E-05
  4.86388963E-05
  4.87821744E-05
  4.88508231E-05
  4.89948325E-05
  4.92145118E-05
  4.93594671E-05
  4.95048480E-05
  4.96506582E-05
  4.97968940E-05
  4.99435591E-05
  5.00906535E-05
  5.02381845E-05
  5.03861484E-05
  5.05345452E-05
  5.07597179E-05
  5.08326630E-05
  5.09823840E-05
  5.10558821E-05
  5.11296057E-05
  5.13573250E-05
  5.15087158E-05
  5.16605578E-05
  5.17356348E-05
  5.18882698E-05
  5.20413596E-05
  5.21949078E-05
  5.22712435E-05
  5.24255993E-05
  5.25804135E-05
  5.27356970E-05
  5.28133132E-05
  5.29694116E-05
  5.30476209E-05
  5.32045451E-05
  5.32833510E-05
  5.33623970E-05
  5.34416868E-05
  5.36001644E-05
  5.36800580E-05
  5.37601954E-05
  5.39198809E-05
  5.40006295E-05
  5.40816291E-05
  5.42425296E-05
  5.44039212E-05
  5.44859140E-05
  5.45681542E-05
  5.46506490E-05
  5.47333984E-05
  5.48164062E-05
  5.48996650E-05
  5.49025608E-05
  5.50669611E-05
  5.51509947E-05
  5.52352903E-05
  5.53198406E-05
  5.54046601E-05
  5.54897379E-05
  5.54935868E-05
  5.55790684E-05
  5.56648156E-05
  5.57508247E-05
  5.59190994E-05
  5.58415231E-05
  5.59282125E-05
  5.60151675E-05
  5.61849010E-05
  5.61898923E-05
  5.62776622E-05
  5.62828100E-05
  5.63709982E-05
  5.64594629E-05
  5.65481969E-05
  5.65537957E-05
  5.66429590E-05
  5.66487142E-05
  5.67383031E-05
  5.67442221E-05
  5.68342366E-05
  5.68403193E-05
  5.69307631E-05
  5.69370095E-05
  5.70278862E-05
  5.70343000E-05
  5.70407210E-05
  5.71321834E-05
  5.71387754E-05
  5.72306744E-05
  5.72374302E-05
  5.72441968E-05
  5.72509816E-05
  5.72577810E-05
  5.73505786E-05
  5.73575380E-05
  5.73645157E-05
  5.73715079E-05
  5.73785146E-05
  5.72988392E-05
  5.73925572E-05
  5.74865699E-05
  5.74066471E-05
  5.75009726E-05
  5.75081867E-05
  5.75154190E-05
  5.75226622E-05
  5.74420774E-05
  5.75371778E-05
  5.74563237E-05
  5.74634614E-05
  5.74706100E-05
  5.75663325E-05
  5.74849328E-05
  5.74921105E-05
  5.74102851E-05
  5.74173246E-05
  5.74243713E-05
  5.74314290E-05
  5.74384940E-05
  5.73558063E-05
  5.73627331E-05
  5.72795980E-05
  5.72863828E-05
  5.72931713E-05
  5.72094395E-05
  5.72160825E-05
  5.71318960E-05
  5.71383898E-05
  5.70537413E-05
  5.70600860E-05
  5.69749718E-05
  5.69811600E-05
  5.68955729E-05
  5.68096730E-05
  5.68155447E-05
  5.67291609E-05
  5.67348688E-05
  5.66480048E-05
  5.65608134E-05
  5.64732982E-05
  5.63854519E-05
  5.62972782E-05
  5.62087735E-05
  5.62134665E-05
  5.61244524E-05
  5.60350963E-05
  5.59454093E-05
  5.58553766E-05
  5.57650019E-05
  5.56742780E-05
  5.55832048E-05
  5.54917860E-05
  5.54000144E-05
  5.54030848E-05
  5.53107748E-05
  5.52181045E-05
  5.50293698E-05
  5.49358083E-05
  5.48418866E-05
  5.47475938E-05
  5.46529373E-05
  5.45579060E-05
  5.44625073E-05
  5.42698144E-05
  5.42705748E-05
  5.40767760E-05
  5.39796856E-05
  5.38822133E-05
  5.36865591E-05
  5.35881372E-05
  5.33911698E-05
  5.32917802E-05
  5.30934885E-05
  5.30918151E-05
  5.28923629E-05
  5.26921431E-05
  5.25903852E-05
  5.23888048E-05
  5.22860464E-05
  5.20830908E-05
  5.19793139E-05
  5.18751149E-05
  5.16701584E-05
  5.15649299E-05
  5.14592721E-05
  5.13531850E-05
  5.11455837E-05
  5.10384452E-05
  5.08294033E-05
  5.06195393E-05
  5.05106982E-05
  5.02993717E-05
  5.00872193E-05
  4.98742229E-05
  4.97629953E-05
  4.95485074E-05
  4.93331681E-05
  4.92201652E-05
  4.90033053E-05
  4.87855868E-05
  4.85669989E-05
  4.83475378E-05
  4.81271964E-05
  4.80103481E-05
  4.77884350E-05
  4.74608605E-05
  4.73419386E-05
  4.71173407E-05
  4.68918370E-05
  4.65598387E-05
  4.64380937E-05
  4.62098396E-05
  4.58744689E-05
  4.57505557E-05
  4.54129076E-05
  4.51807173E-05
  4.49475810E-05
  4.47134917E-05
  4.43710051E-05
  4.42424389E-05
  4.40054646E-05
  4.36594455E-05
  4.35285910E-05
  4.31801891E-05
  4.28303683E-05
  4.25880498E-05
  4.23447309E-05
  4.19910539E-05
  4.17455012E-05
  4.13891430E-05
  4.11413312E-05
  4.08924861E-05
  4.05321662E-05
  4.03916965E-05
  4.00288445E-05
  3.96644973E-05
  3.92986476E-05
  3.90428431E-05
  3.86741849E-05
  3.83040024E-05
  3.80445126E-05
  3.75590207E-05
  3.72968825E-05
  3.70336456E-05
  3.66561580E-05
  3.63904655E-05
  3.60100457E-05
  3.57418685E-05
  3.54725526E-05
  3.49735019E-05
  3.48159592E-05
  3.43134343E-05
  3.40388069E-05
  3.36477715E-05
  3.32550881E-05
  3.28607457E-05
  3.25806795E-05
  3.20670406E-05
  3.16676633E-05
  3.13832606E-05
  3.09807256E-05
  3.05764806E-05
  3.01705095E-05
  2.98804480E-05
  2.94712481E-05
  2.89421660E-05
  2.85292117E-05
  2.82331166E-05
  2.76979827E-05
  2.72796879E-05
  2.69192860E-05
  2.65573253E-05
  2.60739180E-05
  2.56484964E-05
  2.51610418E-05
  2.48524520E-05
  2.43007144E-05
  2.38677530E-05
  2.33722039E-05
  2.29353445E-05
  2.24965861E-05
  2.19948197E-05
  2.16133267E-05
  2.11074457E-05
  2.06608511E-05
  2.02123028E-05
  1.97000354E-05
  1.91855270E-05
  1.86687648E-05
  1.82118965E-05
  1.77530183E-05
  1.72921209E-05
  1.67666312E-05
  1.63015247E-05
  1.57086943E-05
  1.51762233E-05
  1.47045093E-05
  1.42307072E-05
  1.36914168E-05
  1.31497363E-05
  1.26693185E-05
  1.20591521E-05
  1.15102212E-05
  1.09588464E-05
  1.04692435E-05
  9.91308389E-06
  9.28992540E-06
  8.79329855E-06
  8.22964557E-06
  7.66346693E-06
  7.09474989E-06
  6.52347944E-06
  5.88426019E-06
  5.37322148E-06
  4.72853117E-06
  4.14675696E-06
  3.56235751E-06
  2.84308112E-06
  2.38562347E-06
  1.79325923E-06
  1.13164333E-06
  4.67026410E-07
   0.0000000    
  6.70213581E-07
  1.34347692E-06
  2.01980720E-06
  2.69922134E-06
  3.17883314E-06
  3.93179243E-06
  4.62025218E-06
  5.31186379E-06
  5.80187498E-06
  6.56778820E-06
  7.26864891E-06
  7.97273242E-06
  8.68005645E-06
  9.32159128E-06
  1.00352918E-05
  1.06135494E-05
  1.14030663E-05
  1.21962375E-05
  1.27136673E-05
  1.35135588E-05
  1.42469835E-05
  1.49838152E-05
  1.55830530E-05
  1.63971017E-05
  1.72149466E-05
  1.80366114E-05
  1.87909372E-05
  1.93347551E-05
  2.01671592E-05
  2.10034632E-05
  2.17718407E-05
  2.23997758E-05
  2.31750437E-05
  2.39539531E-05
  2.47365297E-05
  2.55955056E-05
  2.62398808E-05
  2.70334058E-05
  2.79039177E-05
  2.87785515E-05
  2.95837453E-05
  3.03927554E-05
  3.12795455E-05
  3.20223080E-05
  3.29915019E-05
  3.36673875E-05
  3.45704721E-05
  3.54030199E-05
  3.63145700E-05
  3.71552705E-05
  3.79999874E-05
  3.89999077E-05
  3.97773401E-05
  4.07103907E-05
  4.15717914E-05
  4.24373320E-05
  4.33835412E-05
  4.44110192E-05
  4.52896857E-05
  4.60955052E-05
  4.70597515E-05
  4.81061252E-05
  4.90022721E-05
  4.99806047E-05
  5.08856428E-05
  5.19515488E-05
  5.28657802E-05
  5.38630848E-05
  5.47076015E-05
  5.57932835E-05
  5.68050600E-05
  5.79012012E-05
  5.88434777E-05
  5.97903600E-05
  6.08218943E-05
  6.18584963E-05
  6.28197522E-05
  6.40276339E-05
  6.48372879E-05
  6.59750658E-05
  6.71184753E-05
  6.81046222E-05
  6.90956294E-05
  7.02552788E-05
  7.13385962E-05
  7.24272832E-05
  7.36038783E-05
  7.44554418E-05
  7.56429290E-05
  7.67531965E-05
  7.80357223E-05
  7.90739286E-05
  8.02010982E-05
  8.14179075E-05
  8.24723465E-05
  8.37009502E-05
  8.46817056E-05
  8.60069194E-05
  8.71685916E-05
  8.82507447E-05
  8.94238910E-05
  9.05171473E-05
  9.17879297E-05
  9.30651368E-05
  9.43488121E-05
  9.54655843E-05
  9.67618398E-05
  9.80646801E-05
  9.92867499E-05
  1.00602643E-04
  1.01661666E-04
  1.02902195E-04
  1.04325693E-04
  1.05756480E-04
  1.06928201E-04
  1.08105873E-04
  1.09557368E-04
  1.10747758E-04
  1.12123744E-04
  1.13416791E-04
  1.14806709E-04
  1.16203773E-04
  1.17608040E-04
  1.18928561E-04
  1.20073411E-04
  1.21590012E-04
  1.23022764E-04
  1.24462924E-04
  1.25633858E-04
  1.27180712E-04
  1.28457410E-04
  1.29926673E-04
  1.31403576E-04
  1.32701156E-04
  1.34192975E-04
  1.35692564E-04
  1.37105715E-04
  1.38620759E-04
  1.39954107E-04
  1.41579600E-04
  1.43118305E-04
  1.44760677E-04
  1.46028251E-04
  1.47494648E-04
  1.49161540E-04
  1.50643900E-04
  1.52327935E-04
  1.53729212E-04
  1.55332833E-04
  1.56847163E-04
  1.58565555E-04
  1.59899791E-04
  1.61734017E-04
  1.63182500E-04
  1.64836951E-04
  1.66599624E-04
  1.68072555E-04
  1.69753286E-04
  1.71543274E-04
  1.73342865E-04
  1.75051231E-04
  1.76465226E-04
  1.78292496E-04
  1.80027855E-04
  1.81772528E-04
  1.83321885E-04
  1.85084762E-04
  1.86857113E-04
  1.88742240E-04
  1.90430525E-04
  1.92024032E-04
  1.93938453E-04
  1.95758839E-04
  1.97484333E-04
  1.99114060E-04
  2.01173971E-04
  2.02928175E-04
  2.04903801E-04
  2.06783938E-04
  2.08567697E-04
  2.10468046E-04
  2.12378742E-04
  2.14192318E-04
  2.16231492E-04
  2.17957306E-04
  2.20018017E-04
  2.21981216E-04
  2.23955198E-04
  2.25721000E-04
  2.27716067E-04
  2.29832280E-04
  2.31960177E-04
  2.33878221E-04
  2.35695668E-04
  2.37745990E-04
  2.39919464E-04
  2.41992893E-04
  2.44077790E-04
  2.46061420E-04
  2.48169148E-04
  2.50175071E-04
  2.52533733E-04
  2.54334504E-04
  2.56603438E-04
  2.58885091E-04
  2.60948989E-04
  2.63255613E-04
  2.65111215E-04
  2.67558789E-04
  2.69670098E-04
  2.71910219E-04
  2.74045538E-04
  2.76192732E-04
  2.78351974E-04
  2.80760403E-04
  2.83182453E-04
  2.85379705E-04
  2.87649134E-04
  2.90051365E-04
  2.92467215E-04
  2.94836442E-04
  2.96855607E-04
  2.99432955E-04
  3.01720283E-04
  3.04203975E-04
  3.06517817E-04
  3.08906310E-04
  3.11431882E-04
  3.13909986E-04
  3.16277990E-04
  3.18659499E-04
  3.21179599E-04
  3.23776883E-04
  3.26263282E-04
  3.28700757E-04
  3.31152231E-04
  3.33808304E-04
  3.36607249E-04
  3.39102728E-04
  3.41548381E-04
  3.44072410E-04
  3.46740067E-04
  3.49552778E-04
  3.52121919E-04
  3.54705902E-04
  3.57435638E-04
  3.60115635E-04
  3.63008701E-04
  3.65324202E-04
  3.68249399E-04
  3.70925787E-04
  3.73951305E-04
  3.76793876E-04
  3.79384495E-04
  3.82259634E-04
  3.85151623E-04
  3.87992826E-04
  3.90918722E-04
  3.93588765E-04
  3.96548334E-04
  3.99456680E-04
  4.02451114E-04
  4.05324856E-04
  4.08215536E-04
  4.11332265E-04
  4.14327689E-04
  4.17270756E-04
  4.20231197E-04
  4.23279766E-04
  4.26346436E-04
  4.29573556E-04
  4.32249333E-04
  4.35656460E-04
  4.38725081E-04
  4.41956072E-04
  4.45134123E-04
  4.48113540E-04
  4.51474654E-04
  4.54636931E-04
  4.58038034E-04
  4.61239018E-04
  4.64385375E-04
  4.67772770E-04
  4.71106352E-04
  4.74385452E-04
  4.77759197E-04
  4.80927964E-04
  4.84341872E-04
  4.87927755E-04
  4.91383718E-04
  4.94708424E-04
  4.97976725E-04
  5.01801609E-04
  5.05342265E-04
  5.08595491E-04
  5.12023398E-04
  5.15705498E-04
  5.19175956E-04
  5.22980990E-04
  5.26337768E-04
  5.30188263E-04
  5.33904240E-04
  5.37484186E-04
  5.41086018E-04
  5.44790004E-04
  5.48597076E-04
  5.52185811E-04
  5.56039333E-04
  5.59916720E-04
  5.63655165E-04
  5.67498500E-04
  5.71447657E-04
  5.75421494E-04
  5.79254702E-04
  5.83194662E-04
  5.87159127E-04
  5.91148331E-04
  5.94994635E-04
  5.99033199E-04
  6.03097025E-04
  6.07271097E-04
  6.11386320E-04
  6.15014695E-04
  6.19437138E-04
  6.23629487E-04
  6.27848203E-04
  6.32093521E-04
  6.35930453E-04
  6.40315353E-04
  6.44552696E-04
  6.49168855E-04
  6.53284544E-04
  6.57514669E-04
  6.62038510E-04
  6.66591339E-04
  6.70993817E-04
  6.75244257E-04
  6.79702265E-04
  6.84188621E-04
  6.88885804E-04
  6.93521753E-04
  6.97912183E-04
  7.02514721E-04
  7.07331637E-04
  7.11808447E-04
  7.16127397E-04
  7.21128366E-04
  7.25974154E-04
  7.30474247E-04
  7.35381502E-04
  7.39845680E-04
  7.44814985E-04
  7.49720901E-04
  7.54562556E-04
  7.59435527E-04
  7.64340046E-04
  7.69081933E-04
  7.74342334E-04
  7.79343362E-04
  7.84475298E-04
  7.89443380E-04
  7.94641965E-04
  7.99775124E-04
  8.05041753E-04
  8.10242782E-04
  8.15276289E-04
  8.20646004E-04
  8.25949595E-04
  8.31288111E-04
  8.36559455E-04
  8.42070905E-04
  8.47412681E-04
  8.52893165E-04
  8.58305953E-04
  8.63754482E-04
  8.69448646E-04
  8.74970283E-04
  8.80422827E-04
  8.86229740E-04
  8.91862495E-04
  8.97639722E-04
  9.03562992E-04
  9.08986898E-04
  9.14771401E-04
  9.20920749E-04
  9.27002635E-04
  9.32687020E-04
  9.38409183E-04
  9.44390602E-04
  9.50634247E-04
  9.56585922E-04
  9.62353835E-04
  9.68497305E-04
  9.74795141E-04
  9.81135876E-04
  9.87178413E-04
  9.93147376E-04
  9.99500626E-04
  1.00589707E-03
  1.01222144E-03
  1.01835653E-03
  1.02511654E-03
  1.03145442E-03
  1.03818835E-03
  1.04485045E-03
  1.05120242E-03
  1.05783588E-03
  1.06457470E-03
  1.07160024E-03
  1.07807119E-03
  1.08470733E-03
  1.09193695E-03
  1.09878916E-03
  1.10575010E-03
  1.11232756E-03
  1.11938338E-03
  1.12667494E-03
  1.13389269E-03
  1.14078412E-03
  1.14772317E-03
  1.15508994E-03
  1.16212701E-03
  1.16972346E-03
  1.17705297E-03
  1.18417607E-03
  1.19180151E-03
  1.19922089E-03
  1.20695331E-03
  1.21428154E-03
  1.22205599E-03
  1.22968713E-03
  1.23737205E-03
  1.24524476E-03
  1.25270395E-03
  1.26075407E-03
  1.26865879E-03
  1.27668737E-03
  1.28450023E-03
  1.29257410E-03
  1.30063656E-03
  1.30861811E-03
  1.31707324E-03
  1.32496108E-03
  1.33353577E-03
  1.34189066E-03
  1.35023484E-03
  1.35878089E-03
  1.36717432E-03
  1.37577148E-03
  1.38443068E-03
  1.39286288E-03
  1.40142825E-03
  1.40998210E-03
  1.41889125E-03
  1.42786512E-03
  1.43705262E-03
  1.44578610E-03
  1.45495683E-03
  1.46404421E-03
  1.47319783E-03
  1.48211489E-03
  1.49163010E-03
  1.50090910E-03
  1.51010219E-03
  1.51982624E-03
  1.52900082E-03
  1.53832021E-03
  1.54794299E-03
  1.55803072E-03
  1.56771892E-03
  1.57723983E-03
  1.58715039E-03
  1.59705407E-03
  1.60711200E-03
  1.61700149E-03
  1.62729004E-03
  1.63700071E-03
  1.64760533E-03
  1.65771134E-03
  1.66822469E-03
  1.67839974E-03
  1.68898597E-03
  1.69965171E-03
  1.71039789E-03
  1.72088458E-03
  1.73153530E-03
  1.74243783E-03
  1.75350928E-03
  1.76370982E-03
  1.77512015E-03
  1.78609148E-03
  1.79714570E-03
  1.80881505E-03
  1.81941688E-03
  1.83143979E-03
  1.84274663E-03
  1.85395859E-03
  1.86589116E-03
  1.87709427E-03
  1.88957481E-03
  1.90104614E-03
  1.91279023E-03
  1.92518311E-03
  1.93654886E-03
  1.94875337E-03
  1.96152530E-03
  1.97344646E-03
  1.98641466E-03
  1.99842802E-03
  2.01072684E-03
  2.02370272E-03
  2.03629280E-03
  2.04937300E-03
  2.06235889E-03
  2.07485165E-03
  2.08823779E-03
  2.10132916E-03
  2.11502658E-03
  2.12802319E-03
  2.14071409E-03
  2.15473049E-03
  2.16813874E-03
  2.18237634E-03
  2.19600042E-03
  2.20931415E-03
  2.22346722E-03
  2.23762775E-03
  2.25158245E-03
  2.26586126E-03
  2.28025392E-03
  2.29519326E-03
  2.30938569E-03
  2.32379977E-03
  2.33887695E-03
  2.35341489E-03
  2.36895564E-03
