   0.0000000    
  9.54627950E-08
  9.55104653E-08
  9.55581356E-08
   0.0000000    
  9.56534478E-08
  9.57011039E-08
   0.0000000    
  9.57963948E-08
   0.0000000    
   0.0000000    
   0.0000000    
   0.0000000    
   0.0000000    
   0.0000000    
  9.61297602E-08
  9.61773665E-08
  9.62249587E-08
  9.62725579E-08
   0.0000000    
  9.63677351E-08
  9.64153202E-08
  9.64628910E-08
  9.65104618E-08
   0.0000000    
  9.66055893E-08
   0.0000000    
  9.67006955E-08
  9.67482450E-08
  9.67957874E-08
  9.68433227E-08
  9.68908580E-08
  9.69383862E-08
  9.69859073E-08
  9.70334284E-08
  9.70809424E-08
  9.71284493E-08
  9.71759491E-08
  9.72234417E-08
   0.0000000    
  9.73184271E-08
  9.73659127E-08
  9.74133911E-08
   0.0000000    
   0.0000000    
  9.75557981E-08
   0.0000000    
   0.0000000    
  9.76981624E-08
   0.0000000    
  9.77930483E-08
  9.78404842E-08
   0.0000000    
  9.79353345E-08
  9.79827632E-08
  9.80301706E-08
   0.0000000    
   0.0000000    
  9.81723929E-08
  9.82197861E-08
   0.0000000    
  9.83145654E-08
  9.83619515E-08
  9.84093234E-08
  9.84566881E-08
   0.0000000    
  9.85514248E-08
  9.85987825E-08
  9.86461330E-08
  9.86934765E-08
  9.87408200E-08
  9.87881563E-08
  9.88354927E-08
  1.97765630E-07
  9.89301370E-08
  9.89774520E-08
  9.90247671E-08
  9.90720679E-08
  9.91193758E-08
  9.91666695E-08
  9.92139704E-08
  1.98522500E-07
  1.98617073E-07
  2.98067420E-07
  1.98806163E-07
  1.98900693E-07
  1.98995210E-07
  9.95448701E-08
   0.0000000    
  9.96393652E-08
   0.0000000    
   0.0000000    
   0.0000000    
  9.98283127E-08
  9.98755354E-08
  9.99227510E-08
  9.99699594E-08
  2.00034350E-07
  3.00193136E-07
  3.00334733E-07
  2.00317530E-07
  2.00411904E-07
  2.00506278E-07
  2.00600638E-07
  1.00347485E-07
  1.00394651E-07
  1.00441817E-07
  1.00488968E-07
  2.01072254E-07
  2.01166543E-07
  2.01260832E-07
  2.01355121E-07
  1.00724684E-07
  1.00771814E-07
  1.00818930E-07
  2.01732107E-07
  2.01826353E-07
  1.00960271E-07
  1.01007380E-07
  1.01054475E-07
  1.01101563E-07
  1.01148657E-07
  1.01195738E-07
  1.01242819E-07
  1.01289885E-07
  1.01336951E-07
  1.01384011E-07
  1.01431070E-07
  1.01478122E-07
   0.0000000    
   0.0000000    
  1.01619250E-07
  1.01666281E-07
  1.01713312E-07
  1.01760328E-07
  1.01807345E-07
  1.01854361E-07
   0.0000000    
  1.01948366E-07
   0.0000000    
   0.0000000    
  1.02089338E-07
   0.0000000    
   0.0000000    
  1.02230267E-07
   0.0000000    
  1.02324194E-07
   0.0000000    
   0.0000000    
  1.02465044E-07
   0.0000000    
  1.02558914E-07
   0.0000000    
   0.0000000    
   0.0000000    
   0.0000000    
   0.0000000    
  1.02840424E-07
  1.02887320E-07
  1.02934209E-07
  1.02981097E-07
  1.03027979E-07
  1.03074854E-07
  1.03121735E-07
  1.03168595E-07
  1.03215463E-07
  2.06524646E-07
  2.06618353E-07
  2.06712045E-07
  2.06805723E-07
  1.03449693E-07
  2.06993079E-07
  1.03543357E-07
  1.03590175E-07
  1.03636992E-07
  2.07367620E-07
  2.07461241E-07
  1.03777417E-07
  1.03824206E-07
  1.03871002E-07
  2.07835583E-07
  2.07929148E-07
  1.04011342E-07
  1.04058110E-07
  2.08209769E-07
  1.04151638E-07
  1.04198392E-07
  1.04245146E-07
  1.04291892E-07
  1.04338632E-07
  1.04385364E-07
   0.0000000    
  1.04478822E-07
   0.0000000    
   0.0000000    
  1.04618955E-07
  1.04665659E-07
  1.04712363E-07
   0.0000000    
   0.0000000    
   0.0000000    
   0.0000000    
  1.04945769E-07
  1.04992431E-07
  1.05039092E-07
  1.05085753E-07
   0.0000000    
  1.05179048E-07
  1.05225688E-07
  1.05272321E-07
   0.0000000    
   0.0000000    
   0.0000000    
  1.05458810E-07
   0.0000000    
   0.0000000    
   0.0000000    
   0.0000000    
  1.05691797E-07
  1.05738380E-07
  1.05784956E-07
  1.05831532E-07
  1.05878101E-07
   0.0000000    
   0.0000000    
   0.0000000    
   0.0000000    
  1.06110846E-07
  1.06157380E-07
  1.06203913E-07
  1.06250440E-07
  1.06296959E-07
  1.06343471E-07
  1.06389983E-07
   0.0000000    
   0.0000000    
   0.0000000    
  1.06575961E-07
  1.06622451E-07
  1.06668921E-07
  1.06715383E-07
   0.0000000    
   0.0000000    
  1.06854777E-07
  1.06901226E-07
  2.13895348E-07
  2.13988216E-07
  2.14081069E-07
  3.21260927E-07
  2.14266777E-07
  2.14359630E-07
  2.14452470E-07
  1.07272633E-07
  1.07319039E-07
  1.07365445E-07
   0.0000000    
   0.0000000    
   0.0000000    
   0.0000000    
  1.07597351E-07
   0.0000000    
  1.07690070E-07
  1.07736426E-07
  2.15565564E-07
  1.07829116E-07
  1.07875458E-07
  1.07921792E-07
   0.0000000    
  1.08014447E-07
  1.08060760E-07
  1.08107066E-07
  2.16306759E-07
  1.08199671E-07
  1.08245970E-07
  1.08292262E-07
  1.08338547E-07
  2.16769664E-07
  2.16862205E-07
  2.16954760E-07
  2.17047287E-07
  1.08569886E-07
  2.17232298E-07
  2.17324782E-07
  2.17417281E-07
  2.17509751E-07
  2.17602206E-07
  2.17694662E-07
  2.17787104E-07
  1.08939759E-07
  2.17971959E-07
  2.18064358E-07
  1.09078378E-07
  1.09124571E-07
  1.09170756E-07
  2.18433897E-07
  1.09263119E-07
  1.09309291E-07
  1.09355454E-07
  2.18803251E-07
  2.18895565E-07
  2.18987864E-07
  2.19080150E-07
  2.19172435E-07
  1.09632339E-07
  2.19356963E-07
  2.19449220E-07
  1.09770710E-07
  2.19633662E-07
  1.09862931E-07
  1.09909038E-07
  2.19910277E-07
  1.10001224E-07
  1.10047310E-07
  2.20186791E-07
  1.10139460E-07
  2.20371078E-07
  1.10231596E-07
  1.10277654E-07
  1.10323704E-07
  1.10369754E-07
  1.10415797E-07
  1.10461826E-07
  2.21015753E-07
  2.21107783E-07
  2.21199841E-07
  2.21291856E-07
  1.10691936E-07
  1.10737936E-07
  2.21567888E-07
  2.21659874E-07
  2.21751833E-07
  2.21843806E-07
  2.21935750E-07
  2.22027708E-07
  2.22119624E-07
  2.22211554E-07
  2.22303456E-07
  1.11197672E-07
  2.22487259E-07
  1.11289559E-07
  1.11335488E-07
  1.11381425E-07
  1.11427340E-07
  1.11473263E-07
   0.0000000    
   0.0000000    
  1.11610980E-07
   0.0000000    
   0.0000000    
   0.0000000    
   0.0000000    
   0.0000000    
  1.11886258E-07
  1.11932124E-07
   0.0000000    
   0.0000000    
   0.0000000    
   0.0000000    
   0.0000000    
   0.0000000    
   0.0000000    
   0.0000000    
   0.0000000    
   0.0000000    
   0.0000000    
   0.0000000    
   0.0000000    
   0.0000000    
   0.0000000    
   0.0000000    
   0.0000000    
   0.0000000    
   0.0000000    
  1.12848184E-07
  1.12893929E-07
  1.12939667E-07
  1.12985404E-07
   0.0000000    
  1.13076851E-07
  1.13122567E-07
   0.0000000    
  1.13213986E-07
  1.13259688E-07
  1.13305383E-07
  1.13351064E-07
  1.13396752E-07
  1.13442425E-07
  1.13488106E-07
  1.13533773E-07
  1.13579432E-07
  1.13625092E-07
  1.13670737E-07
  1.13716382E-07
  1.13762020E-07
  1.13807658E-07
  1.13853282E-07
  2.27797827E-07
  2.27889061E-07
  1.13990133E-07
  2.28071499E-07
  2.28162691E-07
  2.28253882E-07
  2.28345073E-07
  1.14218111E-07
  2.28527398E-07
  1.14309259E-07
  2.28709681E-07
  1.14400386E-07
  2.28891906E-07
  2.28982998E-07
  2.29074089E-07
  2.29165167E-07
  2.29256230E-07
  1.14673639E-07
  2.29438342E-07
  2.29529363E-07
  2.29620383E-07
  2.29711404E-07
  1.14901191E-07
  1.14946694E-07
  2.29984380E-07
  2.30075329E-07
  2.30166279E-07
  2.30257228E-07
  2.30348164E-07
  1.15219535E-07
  1.15264996E-07
  1.15310435E-07
  1.15355874E-07
  2.30802641E-07
  2.30893505E-07
  2.30984355E-07
  2.31075205E-07
  1.15583006E-07
  1.15628417E-07
  1.15673828E-07
   0.0000000    
  1.15764614E-07
  1.15809996E-07
  2.31710786E-07
  2.31801522E-07
  2.31892258E-07
  2.31982980E-07
  3.48110575E-07
  2.32164410E-07
  2.32255104E-07
  2.32345784E-07
  2.32436463E-07
  2.32527128E-07
  2.32617779E-07
  2.32708430E-07
  1.16399519E-07
  1.16444831E-07
  1.16490135E-07
   0.0000000    
   0.0000000    
  1.16625991E-07
  1.16671274E-07
  1.16716556E-07
  1.16761825E-07
  2.33614159E-07
  2.33704682E-07
  2.33795191E-07
  2.33885686E-07
  3.50964228E-07
  3.51099914E-07
  3.51235627E-07
  3.51371284E-07
  3.51506941E-07
  4.68856712E-07
  4.69037531E-07
  3.51913798E-07
  4.69399112E-07
  3.52184941E-07
  3.52320484E-07
  3.52455999E-07
  2.35061023E-07
  2.35151333E-07
  2.35241643E-07
  2.35331967E-07
  2.35422277E-07
  3.53268803E-07
  3.53404232E-07
  3.53539605E-07
  3.53674977E-07
  3.53810350E-07
  2.35963810E-07
  2.36054021E-07
  2.36144203E-07
  2.36234413E-07
  3.54486872E-07
  3.54622131E-07
  3.54757361E-07
  3.54892592E-07
  2.36685210E-07
  2.36775335E-07
  2.36865461E-07
  3.55433315E-07
  3.55568460E-07
  3.55703577E-07
  3.55838665E-07
  3.55973725E-07
  3.56108785E-07
  3.56243845E-07
  3.56378905E-07
  3.56513908E-07
  3.56648911E-07
  3.56783858E-07
  2.37945898E-07
  2.38035867E-07
  3.57188696E-07
  2.38215762E-07
  2.38305688E-07
  2.38395586E-07
  1.78864127E-07
  1.78931543E-07
  1.78998960E-07
  1.79066362E-07
  1.79133764E-07
  1.79201152E-07
  2.39024700E-07
  1.79335885E-07
  1.79403244E-07
  1.79470604E-07
  1.79537935E-07
  1.79605266E-07
  1.19781745E-07
  1.19826609E-07
  1.19871487E-07
  1.19916351E-07
  1.19961214E-07
  6.00030319E-08
  6.00254566E-08
  1.20095748E-07
  6.00702990E-08
  1.20185419E-07
  1.20230254E-07
  6.01375376E-08
  6.01599410E-08
  6.01823444E-08
  6.02047479E-08
  1.20454288E-07
  6.02495405E-08
  1.20543859E-07
  6.02943260E-08
  6.03167152E-08
  6.03390973E-08
  6.03614794E-08
  1.20767709E-07
  6.04062294E-08
  6.04286043E-08
  1.20901944E-07
  1.20946666E-07
  1.20991402E-07
  1.21036123E-07
  1.21080831E-07
  1.21125538E-07
  1.21170245E-07
  1.21214939E-07
  1.21259632E-07
  1.21304325E-07
  1.21349004E-07
  1.21393668E-07
  6.07191737E-08
  1.21483012E-07
  1.21527663E-07
  1.21572313E-07
  1.21616964E-07
  1.21661600E-07
  1.21706236E-07
  1.21750858E-07
  1.21795480E-07
  6.09200512E-08
  6.09423552E-08
  1.21929304E-07
  1.21973912E-07
  1.22018506E-07
  1.22063085E-07
  6.10538393E-08
  1.22152244E-07
  1.22196809E-07
  1.83362062E-07
  1.22285940E-07
  6.11652453E-08
  1.22375027E-07
  6.12097892E-08
  6.12320505E-08
  1.22508624E-07
  1.22553146E-07
  1.22597669E-07
  1.22642177E-07
  1.22686686E-07
  1.22731180E-07
  1.22775674E-07
  1.22820154E-07
  6.14323241E-08
  6.14545570E-08
  6.14767899E-08
   0.0000000    
  6.15212485E-08
   0.0000000    
   0.0000000    
   0.0000000    
   0.0000000    
   0.0000000    
   0.0000000    
  6.16767721E-08
   0.0000000    
  6.17211811E-08
  6.17433784E-08
  6.17655758E-08
  1.23575532E-07
  1.23619913E-07
  1.23664293E-07
  1.85562996E-07
  1.23753011E-07
  1.23797378E-07
  6.19208649E-08
  6.19430338E-08
  1.23930420E-07
  6.19873717E-08
  6.20095335E-08
  6.20316953E-08
  1.24107714E-07
  1.24152024E-07
  1.24196319E-07
  1.24240628E-07
  6.21424547E-08
  6.21645952E-08
  1.24373486E-07
  6.22088763E-08
  1.24462019E-07
  1.24506286E-07
  6.22752694E-08
  1.24594791E-07
  6.23195149E-08
  1.24683268E-07
  1.24727507E-07
  6.23858654E-08
  6.24079775E-08
  6.24300824E-08
  1.24904375E-07
  1.24948585E-07
  6.24963903E-08
  1.25036976E-07
  6.25405718E-08
  6.25626626E-08
  6.25847534E-08
  6.26068370E-08
  1.25257841E-07
  6.26509902E-08
  6.26730667E-08
  1.25390287E-07
  1.25434426E-07
  1.25478550E-07
  1.25522675E-07
  1.25566800E-07
  1.25610910E-07
  1.25655021E-07
  1.25699117E-07
  1.25743213E-07
  1.25787309E-07
  1.25831377E-07
  1.25875459E-07
  1.25919541E-07
  1.88945407E-07
  1.26007663E-07
  1.26051717E-07
  1.26095756E-07
  1.89209715E-07
  1.89275767E-07
  1.26227860E-07
  1.89407842E-07
  1.89473866E-07
  1.89539890E-07
  1.89605899E-07
  1.89671894E-07
  1.89737889E-07
  1.26535909E-07
  1.26579891E-07
  1.89935804E-07
  1.26667842E-07
  1.90067709E-07
  1.90133647E-07
  1.90199572E-07
  1.90265496E-07
  1.26887599E-07
  1.26931539E-07
  1.26975465E-07
  1.27019391E-07
  1.27063302E-07
  6.35536068E-08
  6.35755555E-08
  6.35975042E-08
  6.36194528E-08
  6.36413944E-08
   0.0000000    
   0.0000000    
  6.37072048E-08
   0.0000000    
  6.37510666E-08
   0.0000000    
  6.37949142E-08
  6.38168345E-08
  6.38387476E-08
  6.38606608E-08
  6.38825739E-08
  6.39044799E-08
  6.39263789E-08
  6.39482778E-08
  6.39701767E-08
  6.39920756E-08
  6.40139675E-08
  6.40358593E-08
  6.40577369E-08
  6.40796216E-08
  6.41015063E-08
  6.41233768E-08
  6.41452544E-08
   0.0000000    
  6.41889955E-08
  6.42108589E-08
   0.0000000    
   0.0000000    
   0.0000000    
   0.0000000    
   0.0000000    
   0.0000000    
  6.43638245E-08
   0.0000000    
  6.44075016E-08
  6.44293365E-08
  6.44511644E-08
   0.0000000    
   0.0000000    
  6.45166480E-08
  6.45384617E-08
  6.45602825E-08
  6.45820961E-08
  6.46039027E-08
  6.46257092E-08
  6.46475158E-08
  6.46693152E-08
  6.46911147E-08
   0.0000000    
   0.0000000    
   0.0000000    
  6.47782770E-08
  6.48000551E-08
   0.0000000    
  6.48436114E-08
  6.48653895E-08
  6.48871605E-08
  6.49089316E-08
  6.49306955E-08
  6.49524523E-08
  6.49742162E-08
  6.49959730E-08
  6.50177228E-08
  6.50394725E-08
  6.50612151E-08
  6.50829577E-08
  6.51047003E-08
  6.51264429E-08
  1.30296343E-07
  6.51699068E-08
  6.51916352E-08
  6.52133565E-08
  6.52350778E-08
  6.52567991E-08
  6.52785133E-08
  6.53002274E-08
  6.53219416E-08
  1.30687297E-07
  1.30730697E-07
  6.53870487E-08
  6.54087486E-08
  6.54304415E-08
  6.54521344E-08
  6.54738201E-08
  6.54955059E-08
  6.55171917E-08
  6.55388703E-08
  6.55605490E-08
  6.55822205E-08
  1.31207770E-07
  1.31251113E-07
  1.31294442E-07
  1.97006642E-07
  1.97071614E-07
  1.97136586E-07
  2.62935373E-07
  2.63022002E-07
  3.28885704E-07
  3.28993934E-07
  3.94922523E-07
  3.95052353E-07
  3.95182184E-07
  4.61197260E-07
  4.61348662E-07
  4.61500036E-07
  5.27601571E-07
  5.27774546E-07
  5.27947464E-07
  5.94135372E-07
  5.94329833E-07
  5.94524295E-07
  5.94718756E-07
  5.28811711E-07
  5.95107508E-07
  5.29157205E-07
  5.29329952E-07
  5.29502643E-07
  4.63465909E-07
  5.29847966E-07
  5.30020600E-07
  5.96467316E-07
  5.96661494E-07
  5.96855614E-07
  5.97049677E-07
  5.97243741E-07
  5.97437804E-07
  5.31228295E-07
  5.31400758E-07
  5.98019767E-07
  5.98213717E-07
  5.98407610E-07
  5.98601446E-07
  5.32262504E-07
  5.32434797E-07
  5.99182897E-07
  5.99376676E-07
  5.99570456E-07
  5.99764121E-07
  5.99957787E-07
  5.33467983E-07
  6.00345061E-07
  6.00538669E-07
  6.00732278E-07
  6.00925773E-07
  5.34328308E-07
  6.01312763E-07
  6.01506258E-07
  6.01699696E-07
  6.01893078E-07
  5.35187951E-07
  5.35359845E-07
  6.02473108E-07
  6.02666375E-07
  5.35875301E-07
  6.03052911E-07
  6.03246121E-07
  6.03439275E-07
  5.36562197E-07
  5.36733864E-07
  6.04018680E-07
  5.37077142E-07
  5.37248695E-07
  5.37420249E-07
  5.37591802E-07
  5.37763299E-07
  5.37934852E-07
  6.05369564E-07
  5.38277732E-07
  5.38449115E-07
  5.38620554E-07
  5.38791880E-07
  5.38963263E-07
  5.39134589E-07
  4.71892662E-07
  4.72042501E-07
  5.39648397E-07
  4.72342180E-07
  4.72491962E-07
  4.72641744E-07
  5.40333076E-07
  4.72941196E-07
  4.73090921E-07
  4.73240618E-07
  4.05763103E-07
  4.73539899E-07
  4.06019609E-07
  4.73839151E-07
  4.73988706E-07
  4.06404240E-07
  4.74287816E-07
  4.74437314E-07
  4.74586813E-07
  4.74736311E-07
  4.74885724E-07
  4.75035165E-07
  4.75184578E-07
  4.75333962E-07
  4.75483318E-07
  4.75632646E-07
  4.75781974E-07
  4.75931273E-07
  4.76080544E-07
  4.76229815E-07
  4.76379057E-07
  4.76528271E-07
  4.76677428E-07
  4.76826614E-07
  4.76975742E-07
  4.77124843E-07
  4.09091996E-07
  4.77423043E-07
  4.09347535E-07
  4.77721130E-07
  4.09603018E-07
  4.78019160E-07
  4.78168090E-07
  4.78317077E-07
  4.78466006E-07
  4.78614879E-07
  4.78763809E-07
  4.78912682E-07
  4.79061498E-07
  4.79210314E-07
  4.79359130E-07
  4.79507889E-07
  4.79656649E-07
  4.79805351E-07
  4.79954053E-07
  4.80102756E-07
  4.80251401E-07
  4.80400047E-07
  4.11898867E-07
  4.12026253E-07
  4.80845870E-07
  4.80994402E-07
  4.81142933E-07
  4.81291465E-07
  4.81439940E-07
  4.81588415E-07
  4.12917331E-07
  4.81885252E-07
  4.82033670E-07
  4.82182088E-07
  4.82330393E-07
  4.82478754E-07
  4.82627058E-07
  4.82775363E-07
  4.82923667E-07
  4.83071858E-07
  4.83220106E-07
  4.83368353E-07
  4.83516487E-07
  4.83664678E-07
  4.83812812E-07
  4.83960889E-07
  4.84109023E-07
  4.84257100E-07
  4.15204426E-07
  4.84553198E-07
  4.15458175E-07
  4.15585021E-07
  4.84997145E-07
  4.85145051E-07
  4.85293015E-07
  4.85440921E-07
  4.85588771E-07
  4.85736621E-07
  4.85884470E-07
  4.86032263E-07
  4.86180056E-07
  4.86327849E-07
  4.86475585E-07
  4.86623264E-07
  4.86771000E-07
  4.17358876E-07
  4.17485438E-07
  4.17611972E-07
  4.87361547E-07
  4.17865010E-07
  4.17991487E-07
  4.18117963E-07
  4.87951809E-07
  4.88099317E-07
  4.18497279E-07
  4.88394278E-07
  4.18750034E-07
  4.18876397E-07
  4.19002731E-07
  4.19129037E-07
  4.19255343E-07
  4.19381621E-07
  4.19507870E-07
  4.19634119E-07
  4.19760369E-07
  4.19886561E-07
  4.20012725E-07
  4.20138917E-07
  4.90309219E-07
  4.20391189E-07
  4.20517296E-07
  4.20643374E-07
  4.20769453E-07
  4.91044773E-07
  4.91191770E-07
  4.91338767E-07
  4.21273569E-07
  4.91632761E-07
  4.91779701E-07
  4.91926642E-07
  4.21777344E-07
  4.21903252E-07
  4.92367292E-07
  4.22155011E-07
  4.92660945E-07
  4.92807771E-07
  4.22532480E-07
  4.22658246E-07
  4.22784041E-07
  4.93394737E-07
  4.23035516E-07
  4.93688106E-07
  4.93834705E-07
  4.23412587E-07
  4.23538239E-07
  4.23663892E-07
  3.53157958E-07
  4.23915111E-07
  4.94714129E-07
  4.24166274E-07
  4.24291812E-07
  4.24417323E-07
  4.24542833E-07
  3.53890272E-07
  4.24793768E-07
  4.24919222E-07
  3.54203905E-07
  4.25170072E-07
  4.96178018E-07
  4.25420865E-07
  4.96470534E-07
  4.96616735E-07
  4.96762937E-07
  4.25922138E-07
  4.26047393E-07
  4.26172647E-07
  3.55248261E-07
  3.55352626E-07
  4.26548297E-07
  3.55561269E-07
  3.55665577E-07
  4.26923805E-07
  4.27048946E-07
  4.27174058E-07
  4.27299142E-07
  4.98661564E-07
  4.98807481E-07
  4.98953341E-07
  5.70399038E-07
  4.99245061E-07
  5.70732368E-07
  6.42261284E-07
  5.71065584E-07
  6.42636110E-07
  7.14248245E-07
  7.85901989E-07
  7.14664566E-07
  7.86359806E-07
  8.58096712E-07
  7.86817509E-07
  8.58595911E-07
  9.30415865E-07
  8.59094939E-07
  9.30956389E-07
  9.31226623E-07
  1.00315037E-06
  9.31766920E-07
  1.00373211E-06
  1.00402292E-06
  1.00431362E-06
  1.00460443E-06
  1.00489501E-06
  9.33386787E-07
  1.00547629E-06
  1.00576676E-06
  9.34196066E-07
  9.34465788E-07
  9.34735397E-07
  8.63081596E-07
  8.63330456E-07
  9.35544165E-07
  1.00779926E-06
  9.36083154E-07
  1.00837963E-06
  1.00866976E-06
  9.36891297E-07
  9.37160564E-07
  9.37429832E-07
  9.37698985E-07
  8.65816787E-07
  9.38237292E-07
  1.01069907E-06
  9.38775429E-07
  1.01127853E-06
  1.01156820E-06
  9.39582321E-07
  9.39851191E-07
  9.40120003E-07
  9.40388816E-07
  1.01301578E-06
  1.01330522E-06
  1.01359456E-06
  1.01388389E-06
  1.01417311E-06
  1.01446221E-06
  9.42269196E-07
  9.42537667E-07
  1.01532964E-06
  9.43074497E-07
  9.43342854E-07
  9.43611099E-07
  9.43879343E-07
  9.44147587E-07
  9.44415774E-07
  1.01735179E-06
  9.44951978E-07
  9.45219995E-07
  9.45488011E-07
  9.45756028E-07
  9.46023931E-07
  1.01908347E-06
  9.46559624E-07
  8.73994622E-07
  9.47095202E-07
  9.47362935E-07
  9.47630554E-07
  9.47898172E-07
  9.48165791E-07
  9.48433410E-07
  9.48700915E-07
  9.48968363E-07
  8.76217655E-07
  9.49503146E-07
  9.49770538E-07
  1.02311753E-06
  9.50305036E-07
  9.50572314E-07
  1.02398087E-06
  9.51106585E-07
  9.51373693E-07
  1.02484387E-06
  9.51907793E-07
  9.52174730E-07
  9.52441667E-07
  9.52708547E-07
  1.02628121E-06
  1.02656850E-06
  1.02685567E-06
  9.53775725E-07
  1.02743013E-06
  1.02771730E-06
  9.54575512E-07
  9.54842108E-07
  9.55108590E-07
  8.81884773E-07
  9.55641553E-07
  9.55907922E-07
  9.56174290E-07
  9.56440658E-07
  1.03029959E-06
  1.03058630E-06
  9.57239195E-07
  9.57505449E-07
  9.57771476E-07
  8.84342398E-07
  9.58303531E-07
  9.58569558E-07
  8.85078919E-07
  9.59101385E-07
  9.59367185E-07
  9.59632985E-07
  9.59898784E-07
  9.60164471E-07
  9.60430157E-07
  9.60695843E-07
  9.60961415E-07
  9.61226874E-07
  8.87531542E-07
  9.61757905E-07
  9.62023364E-07
  9.62288709E-07
  8.88511522E-07
  9.62819399E-07
  9.63084631E-07
  9.63349862E-07
  9.63615093E-07
  9.63880211E-07
  9.64145329E-07
  9.64410333E-07
  9.64675337E-07
  9.64940341E-07
  9.65205345E-07
  9.65470235E-07
  1.04002231E-06
  9.65999902E-07
  9.66264565E-07
  1.04087769E-06
  9.66794005E-07
  9.67058668E-07
  9.67323217E-07
  8.93157960E-07
  9.67852316E-07
  9.68116751E-07
  9.68381187E-07
  8.94134416E-07
  9.68909944E-07
  9.69174266E-07
  8.94866332E-07
  9.69702683E-07
  9.69966891E-07
  8.95597907E-07
  9.70495080E-07
  9.70759174E-07
  9.71023155E-07
  8.96572772E-07
  9.71551003E-07
  9.71814870E-07
  8.97303551E-07
  8.97547011E-07
  9.72606358E-07
  8.98033932E-07
  8.98277335E-07
  9.73397391E-07
  8.98764029E-07
  9.73924557E-07
  9.74188083E-07
  1.04940921E-06
  8.99736904E-07
  9.74978320E-07
  9.75241619E-07
  9.00466148E-07
  9.00709153E-07
  9.00952102E-07
  8.26095459E-07
  8.26318114E-07
  8.26540713E-07
  8.26763312E-07
  8.26985854E-07
  8.27208339E-07
  8.27430824E-07
  7.52412120E-07
  7.52614255E-07
  8.28097996E-07
  6.77716685E-07
  7.53220604E-07
  7.53422682E-07
  7.53624704E-07
  8.29209341E-07
  8.29431485E-07
  8.29653629E-07
  8.29875717E-07
  8.30097804E-07
  8.30319777E-07
  8.30541751E-07
  8.30763668E-07
  8.30985584E-07
  7.55643214E-07
  8.31429304E-07
  8.31651107E-07
  8.31872910E-07
  8.32094656E-07
  8.32316346E-07
  9.08223228E-07
  8.32759611E-07
  8.32981186E-07
  8.33202762E-07
  8.33424281E-07
  8.33645743E-07
  8.33867205E-07
  8.34088610E-07
  8.34309958E-07
  8.34531306E-07
  8.34752598E-07
  7.59067234E-07
  8.35195124E-07
  8.35416301E-07
  8.35637479E-07
  7.59871511E-07
  8.36079664E-07
  7.60273451E-07
  7.60474393E-07
  8.36742743E-07
  7.60876105E-07
  7.61076933E-07
  7.61277761E-07
  7.61478532E-07
  7.61679246E-07
  8.38067933E-07
  8.38288656E-07
  7.62281275E-07
  7.62481875E-07
  7.62682419E-07
  7.62883019E-07
  7.63083506E-07
  7.63283992E-07
  8.39832808E-07
  7.63684852E-07
  8.40273685E-07
  8.40494067E-07
  7.64285915E-07
  8.40934774E-07
  8.41154986E-07
  7.64886636E-07
  7.65086838E-07
  7.65286927E-07
  7.65487073E-07
  7.65687162E-07
  7.65887194E-07
  7.66087226E-07
  7.66287201E-07
  7.66487176E-07
  7.66687094E-07
  6.90198362E-07
  6.90378215E-07
  6.90558011E-07
  6.90737863E-07
  7.67686231E-07
  7.67885979E-07
  7.68085670E-07
  7.68285361E-07
  7.68484995E-07
  7.68684572E-07
  7.68884206E-07
  7.69083670E-07
  7.69283190E-07
  6.92534456E-07
  6.92713968E-07
  6.92893423E-07
  7.70080874E-07
  6.93252275E-07
  6.93431616E-07
  7.70678810E-07
  6.93790298E-07
  7.71077339E-07
  7.71276518E-07
  6.94328151E-07
  7.71674763E-07
  7.71873829E-07
  6.94865662E-07
  6.95044776E-07
  7.72470912E-07
  7.72669864E-07
  6.95581946E-07
  7.73067654E-07
  7.73266549E-07
  6.96118889E-07
  7.73664169E-07
  7.73862951E-07
  7.74061675E-07
  7.74260343E-07
  7.74459011E-07
  7.74657678E-07
  7.74856289E-07
  7.75054843E-07
  7.75253341E-07
  6.97906728E-07
  7.75650335E-07
  7.75848775E-07
  6.98442477E-07
  6.98621022E-07
  7.76443869E-07
  6.98978056E-07
  6.99156487E-07
  6.99334862E-07
  7.77236892E-07
  6.99691668E-07
  7.77633261E-07
  7.77831360E-07
  7.00226565E-07
  7.78227502E-07
  7.78425544E-07
  7.78623530E-07
  7.78821459E-07
  7.79019388E-07
  7.79217260E-07
  7.79415132E-07
  8.57574207E-07
  7.79810762E-07
  7.80008520E-07
  7.80206221E-07
  7.80403923E-07
  7.80601624E-07
  7.80799212E-07
  7.80996800E-07
  7.03074988E-07
  7.03252738E-07
  7.81589392E-07
  7.81786866E-07
  7.03785872E-07
  7.03963565E-07
  7.04141144E-07
  7.04318779E-07
  7.04496358E-07
  7.82970972E-07
  7.04851459E-07
  7.05028924E-07
  7.05206332E-07
  7.05383798E-07
  7.05561149E-07
  7.05738557E-07
  7.84350959E-07
  7.84547979E-07
  7.06270498E-07
  7.06447736E-07
  7.06624974E-07
  7.06802155E-07
  7.06979336E-07
  7.07156460E-07
  7.07333584E-07
  7.86122939E-07
  7.86319617E-07
  7.07864729E-07
  7.08041682E-07
  7.08218636E-07
  7.08395589E-07
  7.08572486E-07
  7.87499232E-07
  7.08926223E-07
  7.87892247E-07
  7.88088641E-07
  7.88285035E-07
  7.09633298E-07
  7.09809967E-07
  7.09986637E-07
  7.10163249E-07
  7.10339862E-07
  7.89462717E-07
  7.10693030E-07
  7.89855051E-07
  8.69056237E-07
  7.90247213E-07
  7.11398968E-07
  7.11575353E-07
  7.11751682E-07
  7.11928067E-07
  7.12104338E-07
  7.12280666E-07
  7.12456881E-07
  7.12633152E-07
  7.12809367E-07
  7.12985525E-07
  7.92401806E-07
  7.92597518E-07
  8.72072462E-07
  8.72287671E-07
  7.93184370E-07
  7.93379911E-07
  7.14217947E-07
  7.14393821E-07
  7.14569751E-07
  6.35329457E-07
  6.35485776E-07
  6.35642039E-07
  6.35798301E-07
  6.35954507E-07
  6.36110713E-07
  6.36266918E-07
  6.36423067E-07
  6.36579159E-07
  6.36735308E-07
  6.36891343E-07
  6.37047435E-07
  6.37203414E-07
  6.37359449E-07
  6.37515427E-07
  7.17380260E-07
  7.17555679E-07
  7.17731041E-07
  7.17906403E-07
  7.18081765E-07
  7.18257070E-07
  7.18432318E-07
  7.98452788E-07
  7.98647477E-07
  7.98842109E-07
  7.99036741E-07
  7.99231316E-07
  7.99425891E-07
  8.79582387E-07
  8.79796289E-07
  8.80010191E-07
  8.80224093E-07
  8.80437881E-07
  8.80651669E-07
  8.80865457E-07
  9.61177193E-07
  8.81292806E-07
  8.81506480E-07
  8.81720041E-07
  9.62109311E-07
  8.82147162E-07
  8.82360609E-07
  8.82574057E-07
  8.02534146E-07
  8.02728096E-07
  8.02922045E-07
  7.22804430E-07
  7.22978882E-07
  7.23153335E-07
  6.42958071E-07
  7.23502239E-07
  8.04085062E-07
  8.04278841E-07
  8.04472563E-07
  8.04666229E-07
  8.85345798E-07
  8.85558734E-07
  8.85771669E-07
  8.85984605E-07
  8.86197427E-07
  8.86410248E-07
  8.86623013E-07
  8.86835721E-07
  8.06407741E-07
  8.06601008E-07
  8.06794333E-07
  8.06987600E-07
  8.07180868E-07
  8.88111458E-07
  8.07567289E-07
  8.88536420E-07
  8.88748843E-07
  8.88961210E-07
  8.89173577E-07
  8.89385888E-07
  8.89598141E-07
  8.08918571E-07
  7.28200348E-07
  8.09304368E-07
  8.09497237E-07
  8.09690050E-07
  8.90871036E-07
  8.10075562E-07
  8.10268318E-07
  8.10460961E-07
  8.10653603E-07
  7.29761666E-07
  8.11038831E-07
  8.11231416E-07
  8.11423945E-07
  8.11616417E-07
  8.92989704E-07
  8.12001304E-07
  8.12193719E-07
  8.12386020E-07
  8.12578378E-07
  8.12770736E-07
  8.94259188E-07
  8.94470702E-07
  8.94682103E-07
  8.94893446E-07
  8.95104790E-07
  8.13923748E-07
  8.14115879E-07
  8.95738651E-07
  8.14499913E-07
  8.96160998E-07
  8.96372114E-07
  8.96583231E-07
  8.15267526E-07
  8.15459430E-07
  8.97216296E-07
  8.15843009E-07
  8.16034742E-07
  8.16226475E-07
  7.34776336E-07
  8.16609770E-07
  8.98481460E-07
  8.16993008E-07
  8.17184514E-07
  8.17376019E-07
  8.17567525E-07
  8.17758973E-07
  8.99745373E-07
  8.99955921E-07
  9.00166413E-07
  8.18524427E-07
  8.18715705E-07
  8.18906983E-07
  9.01007979E-07
  9.01218300E-07
  9.01428564E-07
  8.19671641E-07
  9.01848978E-07
  9.02059185E-07
  9.02269278E-07
  9.02479371E-07
  9.02689408E-07
  9.02899501E-07
  9.03109481E-07
  9.85439328E-07
  9.03529326E-07
  9.03739192E-07
  9.86126224E-07
  9.86355076E-07
  9.86583927E-07
  9.86812779E-07
  9.87041517E-07
  9.87270255E-07
  9.87498879E-07
  9.87727617E-07
  9.87956128E-07
  9.05836032E-07
  9.88413262E-07
  9.88641773E-07
  9.88870170E-07
  9.89098567E-07
  9.89326963E-07
  9.89555360E-07
  9.89783643E-07
  9.90011813E-07
  9.07720107E-07
  9.90468266E-07
  9.90696321E-07
  9.90924491E-07
  9.08556501E-07
  9.91380489E-07
  9.91608545E-07
  9.91836487E-07
  9.09392384E-07
  9.92292257E-07
  9.92520086E-07
  9.92747800E-07
  9.92975515E-07
  9.10436427E-07
  9.93430945E-07
  9.93658546E-07
  9.93886147E-07
  9.94113634E-07
  9.94341235E-07
  9.94568609E-07
  9.11896450E-07
  9.12104952E-07
  9.95250844E-07
  9.12521671E-07
  9.95705477E-07
  9.95932737E-07
  9.96159883E-07
  9.13354825E-07
  9.96614176E-07
  9.96841209E-07
  9.97068241E-07
  9.97295274E-07
  9.97522193E-07
  9.97749112E-07
  9.14811437E-07
  9.98202950E-07
  9.98429755E-07
  9.98656446E-07
  9.98883138E-07
  9.99109830E-07
  9.99336521E-07
  9.16266231E-07
  9.99789677E-07
  1.00001625E-06
  1.00024272E-06
  1.00046918E-06
  1.00069565E-06
  1.00092200E-06
  1.00114835E-06
  1.00137459E-06
  1.00160094E-06
  1.00182706E-06
  1.00205330E-06
  1.00227942E-06
  1.00250554E-06
  1.00273166E-06
  1.00295767E-06
  1.00318357E-06
  1.08702693E-06
  1.00363548E-06
  1.00386137E-06
  1.08776112E-06
  1.08800566E-06
  1.08825020E-06
  1.08849474E-06
  1.17248840E-06
  1.08898371E-06
  1.08922802E-06
  1.08947245E-06
  1.08971676E-06
  1.08996107E-06
  1.17406705E-06
  1.17433001E-06
  1.17459297E-06
  1.17485592E-06
  1.17511865E-06
  1.17538150E-06
  1.17564423E-06
  1.17590696E-06
  1.17616958E-06
  1.17643219E-06
  1.17669481E-06
  1.17695731E-06
  1.17721970E-06
  1.17748209E-06
  1.26186899E-06
  1.17800687E-06
  1.17826903E-06
  1.17853131E-06
  1.17879347E-06
  1.17905574E-06
  1.17931779E-06
  1.17957984E-06
  1.17984189E-06
  1.18010382E-06
  1.18036564E-06
  1.18062758E-06
  1.18088940E-06
  1.26551902E-06
  1.18141293E-06
  1.18167463E-06
  1.26636019E-06
  1.18219793E-06
  1.18245941E-06
  1.26720090E-06
  1.18298237E-06
  1.18324385E-06
  1.26804116E-06
  1.26832106E-06
  1.18402772E-06
  1.18428898E-06
  1.26916086E-06
  1.26944065E-06
  1.26972031E-06
  1.27000010E-06
  1.18559444E-06
  1.27055932E-06
  1.27083888E-06
  1.27111832E-06
  1.27139788E-06
  1.27167721E-06
  1.35675361E-06
  1.27223598E-06
  1.27251519E-06
  1.27279441E-06
  1.27307351E-06
  1.27335261E-06
  1.35854032E-06
  1.27391070E-06
  1.27418969E-06
  1.27446856E-06
  1.27474743E-06
  1.27502619E-06
  1.27530507E-06
  1.36062249E-06
  1.27586236E-06
  1.27614101E-06
  1.27641954E-06
  1.27669807E-06
  1.27697660E-06
  1.36240521E-06
  1.36270216E-06
  1.27781163E-06
  1.27808994E-06
  1.27836813E-06
  1.27864632E-06
  1.27892451E-06
  1.27920259E-06
  1.27948067E-06
  1.27975864E-06
  1.36537221E-06
  1.28031445E-06
  1.28059230E-06
  1.28087004E-06
  1.28114777E-06
  1.28142551E-06
  1.28170313E-06
  1.28198076E-06
  1.28225827E-06
  1.28253578E-06
  1.36833410E-06
  1.36862991E-06
  1.28336796E-06
  1.36922154E-06
  1.36951724E-06
  1.28419970E-06
  1.28447687E-06
  1.37040411E-06
  1.28503098E-06
  1.28530803E-06
  1.28558497E-06
  1.28586191E-06
  1.28613874E-06
  1.37217660E-06
  1.28669240E-06
  1.37276697E-06
  1.37306210E-06
  1.45919194E-06
  1.37365225E-06
  1.37394704E-06
  1.37424195E-06
  1.28862837E-06
  1.37483164E-06
  1.28918100E-06
  1.28945726E-06
  1.28973352E-06
  1.29000966E-06
  1.29028570E-06
  1.20452444E-06
  1.20478205E-06
  1.20503967E-06
  1.20529717E-06
  1.20555467E-06
  1.20581205E-06
  1.11992176E-06
  1.12016062E-06
  1.12039959E-06
  1.12063844E-06
  1.12087730E-06
  1.12111604E-06
  1.12135479E-06
  1.03531715E-06
  1.03553748E-06
  1.03575769E-06
  9.49646562E-07
  1.03619823E-06
  1.03641833E-06
  1.03663854E-06
  1.03685863E-06
  1.12350176E-06
  1.12374016E-06
  1.12397845E-06
  1.12421674E-06
  1.12445491E-06
  1.12469309E-06
  1.12493126E-06
  1.12516932E-06
  1.12540738E-06
  1.12564533E-06
  1.12588327E-06
  1.03949651E-06
  1.03971615E-06
  1.03993557E-06
  1.04015510E-06
  1.04037463E-06
  1.04059404E-06
  1.12754776E-06
  1.04103276E-06
  1.12802297E-06
  1.04147125E-06
  1.04169055E-06
  1.04190974E-06
  1.04212882E-06
  1.04234789E-06
  9.55686460E-07
  1.04278604E-06
  1.04300500E-06
  1.04322396E-06
  1.04344292E-06
  1.04366177E-06
  9.56890631E-07
  1.04409935E-06
  9.57291604E-07
  9.57492148E-07
  9.57692578E-07
  9.57893008E-07
  1.04519279E-06
  9.58293754E-07
  9.58494070E-07
  9.58694272E-07
  9.58894589E-07
  9.59094791E-07
  9.59294880E-07
  9.59495082E-07
  9.59695171E-07
  9.59895260E-07
  9.60095235E-07
  9.60295210E-07
  9.60495186E-07
  9.60695047E-07
  9.60895022E-07
  9.61094770E-07
  9.61294631E-07
  9.61494379E-07
  9.61694127E-07
  9.61893875E-07
  9.62093509E-07
  9.62293143E-07
  1.04999208E-06
  1.05020979E-06
  1.05042739E-06
  9.63091338E-07
  1.05086258E-06
  9.63490152E-07
  9.63689558E-07
  9.63888965E-07
  9.64088258E-07
  9.64287551E-07
  9.64486730E-07
  9.64685910E-07
  9.64885089E-07
  9.65084269E-07
  9.65283334E-07
  9.65482400E-07
  9.65681465E-07
  9.65880417E-07
  9.66079369E-07
  9.66278321E-07
  9.66477160E-07
  9.66675998E-07
  9.66874836E-07
  9.67073561E-07
  9.67272285E-07
  9.67471124E-07
  9.67669735E-07
  9.67868345E-07
  9.68066956E-07
  9.68265567E-07
  1.05650622E-06
  9.68662562E-07
  9.68860945E-07
  9.69059442E-07
  9.69257826E-07
  9.69456096E-07
  1.05780475E-06
  1.05802110E-06
  9.70051019E-07
  9.70249175E-07
  9.70447331E-07
  9.70645488E-07
  9.70843530E-07
  9.71041572E-07
  9.71239615E-07
  9.71437657E-07
  9.71635586E-07
  1.06018194E-06
  9.72031444E-07
  9.72229259E-07
  1.06082950E-06
  9.72624889E-07
  1.06126095E-06
  9.73020292E-07
  9.73217880E-07
  9.73415581E-07
  9.73613169E-07
  9.73810643E-07
  9.74008231E-07
  9.74205705E-07
  9.74403179E-07
  9.74600539E-07
  8.86180032E-07
  8.86359430E-07
  8.86538828E-07
  8.86718112E-07
  8.86897453E-07
  9.75784360E-07
  8.87255965E-07
  8.87435135E-07
  8.87614362E-07
  8.87793476E-07
  8.87972590E-07
  8.88151703E-07
  7.99497684E-07
  8.88509703E-07
  8.88688703E-07
  7.99980967E-07
  8.00141947E-07
  8.89225475E-07
  8.00463908E-07
  8.00624832E-07
  8.00785756E-07
  8.89940679E-07
  8.01107547E-07
  8.01268357E-07
  8.90476770E-07
  8.01589920E-07
  8.01750673E-07
  8.91012576E-07
  8.91191121E-07
  8.02232705E-07
  8.91548098E-07
  8.91726472E-07
  8.02714453E-07
  8.02874979E-07
  8.03035448E-07
  8.03195917E-07
  8.03356386E-07
  8.03516855E-07
  8.03677210E-07
  8.03837565E-07
  8.03997921E-07
  8.04158162E-07
  8.04318461E-07
  8.04478702E-07
  8.94043183E-07
  8.04799129E-07
  8.04959257E-07
  8.94577056E-07
  8.05279456E-07
  8.05439527E-07
  8.05599598E-07
  8.95288395E-07
  8.05919626E-07
  8.95643893E-07
  8.95821586E-07
  8.06399385E-07
  8.96176857E-07
  8.96354436E-07
  8.96532072E-07
  8.96709537E-07
  8.96887059E-07
  8.97064524E-07
  8.97241932E-07
  8.97419341E-07
  8.97596692E-07
  8.97774044E-07
  8.97951338E-07
  8.98128576E-07
  8.98305871E-07
  8.98483108E-07
  8.98660232E-07
  8.98837357E-07
  8.99014537E-07
  8.99191548E-07
  8.99368558E-07
  8.99545569E-07
  8.99722579E-07
  8.99899476E-07
  8.10068855E-07
  8.10228016E-07
  9.00430166E-07
  8.10546339E-07
  8.10705444E-07
  8.10864492E-07
  8.11023597E-07
  8.11182588E-07
  8.11341522E-07
  8.11500513E-07
  8.11659447E-07
  8.11818325E-07
  8.11977202E-07
  8.12136079E-07
  8.12294900E-07
  8.12453663E-07
  7.22322170E-07
  8.12771134E-07
  8.12929841E-07
  8.13088491E-07
  7.22886398E-07
  7.23027370E-07
  8.13564327E-07
  8.13722920E-07
  8.13881400E-07
  8.14039936E-07
  8.14198415E-07
  8.14356838E-07
  8.14515261E-07
  8.14673626E-07
  8.14831992E-07
  8.14990301E-07
  8.15148553E-07
  8.15306805E-07
  8.15465057E-07
  8.15623309E-07
  8.15781505E-07
  8.15939643E-07
  8.16097725E-07
  8.16255806E-07
  8.16413888E-07
  8.16571912E-07
  8.16729880E-07
  8.16887848E-07
  8.17045816E-07
  9.08004097E-07
  8.17361638E-07
  8.17519492E-07
  8.17677289E-07
  8.17835144E-07
  9.08880963E-07
  8.18150681E-07
  8.18308365E-07
  8.18466049E-07
  9.09581843E-07
  8.18781302E-07
  8.18938872E-07
  8.19096442E-07
  8.19254012E-07
  8.19411525E-07
  8.19568982E-07
  8.19726381E-07
  7.28785665E-07
  8.20041237E-07
  8.20198636E-07
  8.20355922E-07
  7.29345118E-07
  7.29484896E-07
  7.29624730E-07
  7.29764452E-07
  8.21142180E-07
  8.21299295E-07
  7.30183558E-07
  7.30323222E-07
  8.21770641E-07
  8.21927699E-07
  8.22084701E-07
  8.22241645E-07
  8.22398647E-07
  8.22555592E-07
  8.22712479E-07
  8.22869310E-07
  7.31578893E-07
  7.31718274E-07
  7.31857597E-07
  7.31996977E-07
  8.23653295E-07
  7.32275566E-07
  7.32414833E-07
  7.32554042E-07
  7.32693252E-07
  8.24436427E-07
  8.24593030E-07
  8.24749520E-07
  7.33249863E-07
  7.33388902E-07
  7.33527997E-07
  8.25375366E-07
  8.25531743E-07
  8.25688062E-07
  8.25844381E-07
  8.26000644E-07
  7.34361777E-07
  8.26313169E-07
  8.26469432E-07
  8.26625580E-07
  8.26781672E-07
  8.26937821E-07
  7.35194646E-07
  8.27250005E-07
  8.27406041E-07
  8.27562019E-07
  7.35749381E-07
  7.35887966E-07
  7.36026550E-07
  7.36165134E-07
  8.28341570E-07
  8.28497434E-07
  7.36580716E-07
  7.36719130E-07
  7.36857544E-07
  7.36995958E-07
  7.37134371E-07
  8.29431769E-07
  8.29587464E-07
  8.29742987E-07
  7.37687685E-07
  7.37825928E-07
  7.37964172E-07
  7.38102358E-07
  8.30520548E-07
  8.30676015E-07
  8.30831368E-07
  7.38654933E-07
  7.38793005E-07
  7.38931021E-07
  7.39069094E-07
  8.31607906E-07
  8.31763145E-07
  8.31918385E-07
  8.32073511E-07
  7.39758832E-07
  7.39896734E-07
  8.32538774E-07
  7.40172368E-07
  8.32848912E-07
  8.33003924E-07
  9.25732024E-07
  8.33313834E-07
  8.33468675E-07
  8.33623574E-07
  8.33778415E-07
  8.33933200E-07
  8.34088041E-07
  8.34242826E-07
  9.27108317E-07
  8.34552225E-07
  8.34706896E-07
  8.34861510E-07
  8.35016124E-07
  8.35170681E-07
  8.35325295E-07
  8.35479796E-07
  8.35634353E-07
  8.35788853E-07
  8.35943240E-07
  8.36097627E-07
  7.43335193E-07
  7.43472356E-07
  7.43609576E-07
  8.36715003E-07
  7.43883845E-07
  8.37023549E-07
  8.37177765E-07
  8.37331982E-07
  8.37486084E-07
  8.37640187E-07
  7.44706085E-07
  7.44843021E-07
  7.44979957E-07
  8.38256369E-07
  7.45253715E-07
  8.38564347E-07
  8.38718279E-07
  8.38872211E-07
  8.39026029E-07
  8.39179847E-07
  7.46074420E-07
  7.46211072E-07
  7.46347723E-07
  7.46484375E-07
  7.46621026E-07
  7.46757621E-07
  7.46894159E-07
  7.47030754E-07
  8.40563132E-07
  8.40716666E-07
  8.40870200E-07
  7.47576621E-07
  7.47713045E-07
  7.47849413E-07
  7.47985723E-07
  7.48122090E-07
  7.48258401E-07
  7.48394655E-07
  7.48530965E-07
  7.48667162E-07
  7.48803416E-07
  8.42556972E-07
  8.42710222E-07
  8.42863415E-07
  8.43016494E-07
  8.43169516E-07
  8.43322539E-07
  7.49756168E-07
  7.49892138E-07
  7.50028107E-07
  7.50164077E-07
  7.50299989E-07
  7.50435902E-07
  7.50571758E-07
  7.50707613E-07
  8.44698832E-07
  8.44851627E-07
  8.45004422E-07
  9.39063398E-07
  9.39233018E-07
  8.45462409E-07
  8.45615034E-07
  7.51793493E-07
  7.51929122E-07
  7.52064693E-07
  7.52200208E-07
  6.58293857E-07
  6.58412432E-07
  6.58531008E-07
  7.52742267E-07
  6.58768045E-07
  7.53013126E-07
  7.53148527E-07
  7.53283871E-07
  7.53419272E-07
  8.47748822E-07
  8.47901049E-07
  8.48053276E-07
  9.42450413E-07
  9.42619465E-07
  9.42788404E-07
  8.48661671E-07
  8.48813670E-07
  8.48965612E-07
  7.54771236E-07
  7.54906296E-07
  7.55041299E-07
  7.55176302E-07
  7.55311248E-07
  6.61015463E-07
  6.61133527E-07
  6.61251590E-07
  6.61369597E-07
  6.61487604E-07
  6.61605554E-07
  6.61723504E-07
  6.61841455E-07
  6.61959405E-07
  7.56659688E-07
  6.62195134E-07
  7.56929069E-07
  7.57063731E-07
  7.57198393E-07
  7.57332998E-07
  8.52150947E-07
  8.52302321E-07
  8.52453695E-07
  9.47338833E-07
  9.47506976E-07
  9.47675062E-07
  1.04262733E-06
  1.04281219E-06
  1.04299693E-06
  1.13801639E-06
  1.23306927E-06
  1.23328755E-06
  1.23350583E-06
  1.32862567E-06
  1.32886055E-06
  1.23415998E-06
  1.23437803E-06
  1.13962710E-06
  1.04484263E-06
  1.04502703E-06
  1.04521132E-06
  9.50359663E-07
  9.50527181E-07
  9.50694584E-07
  8.55775909E-07
  8.55926544E-07
  7.60957562E-07
  7.61091428E-07
  6.66072140E-07
  6.66189237E-07
  6.66306278E-07
  5.71220028E-07
  5.71320356E-07
  5.71420628E-07
  4.76267445E-07
  4.76350976E-07
  3.81147629E-07
  3.81214448E-07
  2.85960937E-07
  2.86011016E-07
  2.86061095E-07
  1.90740792E-07
  9.53870867E-08
  9.54037702E-08
   0.0000000    
   0.0000000    
  9.54537995E-08
  9.54704760E-08
  9.54871524E-08
  1.91007629E-07
  2.86561402E-07
  2.86611396E-07
  2.86661390E-07
  3.82281769E-07
  3.82348389E-07
  3.82414981E-07
  4.78101924E-07
  4.78185143E-07
  4.78268362E-07
  5.74021783E-07
  5.74121600E-07
  5.74221360E-07
  5.74321120E-07
  6.70157590E-07
  5.74520584E-07
  6.70390250E-07
  6.70506552E-07
  6.70622853E-07
  6.70739098E-07
  6.70855286E-07
  6.70971474E-07
  6.71087662E-07
  6.71203793E-07
  6.71319924E-07
  6.71436055E-07
  5.75616127E-07
  5.75715603E-07
  5.75815079E-07
  5.75914498E-07
  5.76013917E-07
  4.80094457E-07
  4.80177277E-07
  3.84208079E-07
  3.84274301E-07
  2.88255421E-07
  3.84406746E-07
  4.80591154E-07
  4.80673862E-07
  4.80756626E-07
  5.77007143E-07
  4.80922040E-07
  5.77205583E-07
  5.77304775E-07
  5.77403910E-07
  5.77503101E-07
  5.77602179E-07
  5.77701314E-07
  5.77800392E-07
  5.77899470E-07
  5.77998492E-07
  5.78097513E-07
  5.78196477E-07
  4.81912934E-07
  4.81995414E-07
  3.85662304E-07
  3.85728242E-07
  4.82242740E-07
  4.82325163E-07
  4.82407586E-07
  5.78987908E-07
  5.79086759E-07
  5.79185553E-07
  5.79284404E-07
  5.79383197E-07
  5.79481934E-07
  5.79580671E-07
  5.79679408E-07
  5.79778089E-07
  5.79876769E-07
  5.79975449E-07
  4.83395070E-07
  4.83477265E-07
  3.86847574E-07
  4.83641600E-07
  4.83723738E-07
  5.80567018E-07
  5.80665585E-07
  5.80764095E-07
  5.80862604E-07
  5.80961114E-07
  5.81059567E-07
  5.81157963E-07
  5.81256415E-07
  4.84462362E-07
  4.84544330E-07
  4.84626298E-07
  3.87766619E-07
  4.84790178E-07
  4.84872146E-07
  5.81944789E-07
  5.82043072E-07
  5.82141354E-07
  5.82239579E-07
  5.82337805E-07
  5.82436030E-07
  5.82534142E-07
  4.85526982E-07
  4.85608723E-07
  4.85690464E-07
  4.85772205E-07
  4.85853946E-07
  4.85935686E-07
  5.83220867E-07
  4.86099111E-07
  5.83416920E-07
  5.83514861E-07
  4.86344106E-07
  4.86425733E-07
  4.86507304E-07
  4.86588874E-07
  3.89336378E-07
  4.86752015E-07
  4.86833585E-07
  4.86915155E-07
  5.84395934E-07
  5.84493705E-07
  5.84591533E-07
  5.84689246E-07
  5.84787017E-07
  4.87403952E-07
  4.87485352E-07
  3.90053430E-07
  4.87648151E-07
  4.87729551E-07
  4.87810894E-07
  4.87892294E-07
  4.87973580E-07
  4.88054923E-07
  4.88136209E-07
  4.88217438E-07
  3.90639002E-07
  3.90703974E-07
  3.90768975E-07
  4.88542412E-07
  4.88623641E-07
  4.88704814E-07
  4.88785986E-07
  4.88867101E-07
  4.88948274E-07
  3.91223523E-07
  3.91288381E-07
  3.91353296E-07
  3.91418155E-07
  4.89353738E-07
  4.89434740E-07
  4.89515799E-07
  4.89596800E-07
  3.91742276E-07
  3.91807049E-07
  3.91871794E-07
  3.91936567E-07
  3.92001340E-07
  3.92066084E-07
  4.90163472E-07
  4.90244361E-07
  4.90325192E-07
  3.92324864E-07
  3.92389524E-07
  3.92454211E-07
  3.92518871E-07
  4.90729349E-07
  4.90810123E-07
  4.90890898E-07
  4.90971615E-07
  3.92841912E-07
  3.92906458E-07
  3.92971032E-07
  4.91294486E-07
  4.91375147E-07
  4.91455808E-07
  4.91536412E-07
  4.91617072E-07
  3.93358135E-07
  3.93422596E-07
  4.91858827E-07
  4.91939375E-07
  4.92019922E-07
  4.92100469E-07
  4.92180959E-07
  4.92261449E-07
  4.92341940E-07
  3.93937938E-07
  3.94002313E-07
  4.92583297E-07
  4.92663673E-07
  4.92744107E-07
  4.92824483E-07
  3.94323905E-07
  3.94388167E-07
  3.94452456E-07
  4.93145876E-07
  4.93226196E-07
  4.93306459E-07
  3.94709446E-07
  3.94773622E-07
  3.94837798E-07
  3.94902003E-07
  4.93707716E-07
  3.95030355E-07
  3.95094503E-07
  3.95158622E-07
  3.95222742E-07
  2.96465146E-07
  3.95350952E-07
  3.95415043E-07
  3.95479134E-07
  3.95543168E-07
  3.95607231E-07
  3.95671236E-07
  3.95735270E-07
  4.94749088E-07
  3.95863310E-07
  4.94909045E-07
  4.94989024E-07
  3.96055214E-07
  3.96119134E-07
  3.96183083E-07
  4.95308711E-07
  3.96310952E-07
  4.95468498E-07
  3.96438708E-07
  3.96502571E-07
  3.96566435E-07
  4.95787845E-07
  4.95867653E-07
  4.95947404E-07
  4.96027155E-07
  3.96885554E-07
  4.96186658E-07
  4.96266409E-07
  4.96346104E-07
  4.96425798E-07
  4.96505436E-07
  4.96585074E-07
  4.96664768E-07
  4.96744406E-07
  5.96188727E-07
  5.96284281E-07
  4.96983148E-07
  4.97062729E-07
  5.96570658E-07
  5.96666155E-07
  5.96761538E-07
  5.96856978E-07
  5.96952304E-07
  4.97539759E-07
  5.97143014E-07
  5.97238397E-07
  5.97333667E-07
  5.97428937E-07
  5.97524206E-07
  4.98016277E-07
  5.97714688E-07
  5.97809901E-07
  5.97905114E-07
  5.98000270E-07
  5.98095426E-07
  4.98492170E-07
  5.98285681E-07
  5.98380780E-07
  5.98475879E-07
  4.98809129E-07
  4.98888312E-07
  5.98761005E-07
  5.98855991E-07
  5.98950976E-07
  5.99045961E-07
  4.99284113E-07
  5.99235875E-07
  5.99330804E-07
  5.99425675E-07
  5.99520547E-07
  5.99615419E-07
  5.99710233E-07
  5.99805048E-07
  5.99899863E-07
  5.99994678E-07
  5.00074577E-07
  5.00153476E-07
  6.00278895E-07
  6.00373596E-07
  6.00468297E-07
  6.00562942E-07
  5.00548026E-07
  6.00752287E-07
  6.00846874E-07
  6.00941519E-07
  6.01036049E-07
  5.00942235E-07
  6.01225167E-07
  6.01319698E-07
  6.01414229E-07
  6.01508702E-07
  6.01603176E-07
  6.01697650E-07
  6.01792067E-07
  7.02200850E-07
  6.01980901E-07
  6.02075261E-07
  7.02531167E-07
  7.02641216E-07
  7.02751265E-07
  7.02861257E-07
  6.02546834E-07
  6.02641137E-07
  7.03191233E-07
  7.03301168E-07
  6.02923819E-07
  6.03018009E-07
  7.03630803E-07
  7.03740682E-07
  7.03850503E-07
  6.03394597E-07
  6.03488672E-07
  6.03582748E-07
  6.03676824E-07
  6.03770843E-07
  6.03864862E-07
  6.03958881E-07
  7.04728279E-07
  7.04837930E-07
  6.04240824E-07
  6.04334730E-07
  6.04428635E-07
  7.05276250E-07
  7.05385787E-07
  6.04710294E-07
  6.04804086E-07
  6.04897934E-07
  6.04991726E-07
  6.05085518E-07
  6.05179252E-07
  6.05273044E-07
  6.05366779E-07
  6.05460457E-07
  6.05554135E-07
  6.05647813E-07
  6.05741434E-07
  6.05835112E-07
  6.05928733E-07
  5.05018647E-07
  6.06115918E-07
  6.06209483E-07
  6.06302990E-07
  6.06396497E-07
  6.06490062E-07
  6.06583569E-07
  7.07789809E-07
  7.07898778E-07
  6.06863864E-07
  6.06957315E-07
  7.08225741E-07
  7.08334710E-07
  6.07237439E-07
  6.07330776E-07
  7.08661389E-07
  6.07517393E-07
  6.07610673E-07
  7.08987898E-07
  7.09096696E-07
  7.09205494E-07
  7.09314236E-07
  7.09422920E-07
  7.09531662E-07
  7.09640346E-07
  7.09748974E-07
  6.08449398E-07
  6.08542564E-07
  7.10074801E-07
  6.08728669E-07
  6.08821722E-07
  7.10400457E-07
  6.09007770E-07
  6.09100766E-07
  6.09193705E-07
  7.10834399E-07
  7.10942857E-07
  7.11051257E-07
  6.09565404E-07
  7.11268001E-07
  7.11376344E-07
  7.11484631E-07
  6.09936819E-07
  7.11701205E-07
  7.11809491E-07
  7.11917721E-07
  7.12025894E-07
  7.12134124E-07
  8.13991107E-07
  7.12350470E-07
  7.12458530E-07
  8.14361840E-07
  8.14485361E-07
  8.14608882E-07
  7.12890824E-07
  8.14855809E-07
  8.14979217E-07
  8.15102624E-07
  8.15225974E-07
  8.15349381E-07
  8.15472674E-07
  8.15595968E-07
  8.15719261E-07
  8.15842498E-07
  8.15965734E-07
  8.16088971E-07
  8.16212093E-07
  8.16335273E-07
  8.16458396E-07
  8.16581519E-07
  7.14616533E-07
  8.16827651E-07
  8.16950660E-07
  8.17073669E-07
  7.15047065E-07
  7.15154727E-07
  7.15262274E-07
  7.15369765E-07
  7.15477370E-07
  8.17811213E-07
  8.17933994E-07
  7.15799786E-07
  7.15907220E-07
  8.18302397E-07
  8.18425121E-07
  7.16229408E-07
  7.16336785E-07
  8.18793183E-07
  7.16551426E-07
  7.16658633E-07
  7.16765953E-07
  7.16873160E-07
  7.16980367E-07
  7.17087630E-07
  7.17194837E-07
  7.17301987E-07
  7.17409080E-07
  7.17516230E-07
  7.17623323E-07
  7.17730359E-07
  7.17837452E-07
  8.20507921E-07
  7.18051524E-07
  7.18158503E-07
  8.20874789E-07
  7.18372462E-07
  7.18479384E-07
  7.18586250E-07
  7.18693116E-07
  7.18799981E-07
  7.18906790E-07
  7.19013656E-07
  7.19120465E-07
  7.19227273E-07
  7.19333968E-07
  7.19440720E-07
  7.19547415E-07
  7.19654111E-07
  7.19760806E-07
  7.19867501E-07
  7.19974082E-07
  7.20080664E-07
  7.20187302E-07
  7.20293826E-07
  7.20400351E-07
  7.20506932E-07
  8.23558139E-07
  8.23679784E-07
  7.20826336E-07
  7.20932803E-07
  7.21039214E-07
  7.21145568E-07
  7.21251979E-07
  7.21358333E-07
  7.21464630E-07
  7.21570927E-07
  7.21677225E-07
  7.21783522E-07
  6.18762670E-07
  7.21995946E-07
  7.22102186E-07
  7.22208313E-07
  7.22314553E-07
  7.22420680E-07
  7.22526806E-07
  7.22632876E-07
  7.22738946E-07
  7.22845016E-07
  7.22951029E-07
  7.23057042E-07
  7.23163055E-07
  7.23269011E-07
  7.23374967E-07
  8.26835276E-07
  7.23586822E-07
  7.23692665E-07
  7.23798564E-07
  7.23904407E-07
  7.24010192E-07
  7.24116035E-07
  7.24221820E-07
  7.24327549E-07
  8.27923714E-07
  8.28044563E-07
  7.24644735E-07
  7.24750350E-07
  7.24856022E-07
  7.24961637E-07
  7.25067252E-07
  7.25172868E-07
  7.25278426E-07
  7.25383927E-07
  7.25489485E-07
  7.25594987E-07
  7.25700488E-07
  7.25805933E-07
  7.25911434E-07
  7.26016822E-07
  8.29853889E-07
  8.29974340E-07
  8.30094734E-07
  7.26438259E-07
  8.30335466E-07
  8.30455804E-07
  7.26754138E-07
  7.26859412E-07
  7.26964629E-07
  7.27069846E-07
  7.27175063E-07
  7.27280224E-07
  7.27385327E-07
  7.27490487E-07
  8.31537704E-07
  7.27700638E-07
  8.31777925E-07
  8.31897978E-07
  8.32017975E-07
  8.32138028E-07
  8.32257967E-07
  8.32377907E-07
  7.28435623E-07
  8.32617729E-07
  8.32737555E-07
  7.28750308E-07
  7.28855184E-07
  7.28960003E-07
  7.29064766E-07
  7.29169528E-07
  7.29274291E-07
  7.29378996E-07
  7.29483759E-07
  7.29588464E-07
  6.25451321E-07
  6.25541020E-07
  6.25630719E-07
  6.25720361E-07
  7.30111651E-07
  6.25899645E-07
  6.25989230E-07
  6.26078872E-07
  6.26168458E-07
  6.26257986E-07
  6.26347571E-07
  6.26437100E-07
  6.26526571E-07
  6.26616099E-07
  6.26705571E-07
  6.26794986E-07
  6.26884457E-07
  6.26973872E-07
  5.22552739E-07
  6.27152644E-07
  6.27242002E-07
  5.22776133E-07
  6.27420661E-07
  6.27509962E-07
  5.22999414E-07
  5.23073822E-07
  5.23148231E-07
  5.23222525E-07
  5.23296933E-07
  5.23371227E-07
  5.23445522E-07
  5.23519873E-07
  5.23594167E-07
  4.18934775E-07
  4.18994176E-07
  4.19053578E-07
  4.19112922E-07
  4.19172324E-07
  4.19231668E-07
  4.19291041E-07
  4.19350386E-07
  4.19409702E-07
  5.24336201E-07
  5.24410382E-07
  4.19587622E-07
  5.24558573E-07
  5.24632640E-07
  4.19765399E-07
  5.24780774E-07
  5.24854840E-07
  5.24928794E-07
  5.25002861E-07
  5.25076814E-07
  5.25150767E-07
  5.25224777E-07
  5.25298674E-07
  4.20298136E-07
  4.20357281E-07
  4.20416399E-07
  5.25594317E-07
  5.25668213E-07
  4.20593693E-07
  5.25815949E-07
  5.25889789E-07
  5.25963571E-07
  5.26037354E-07
  5.26111137E-07
  5.26184920E-07
  5.26258702E-07
  5.26332428E-07
  4.21124923E-07
  5.26479823E-07
  5.26553492E-07
  4.21301763E-07
  4.21360710E-07
  4.21419628E-07
  5.26848112E-07
  4.21537436E-07
  4.21596326E-07
  5.27068948E-07
  4.21714049E-07
  4.21772882E-07
  5.27289615E-07
  4.21890547E-07
  4.21949352E-07
  4.22008156E-07
  4.22066933E-07
  4.22125709E-07
  4.22184485E-07
  4.22243232E-07
  4.22301980E-07
  4.22360699E-07
  4.22419390E-07
  4.22478109E-07
  4.22536800E-07
  4.22595463E-07
  4.22654125E-07
  3.17034619E-07
  4.22771450E-07
  4.22830084E-07
  3.17166553E-07
  4.22947295E-07
  4.23005901E-07
  3.17298372E-07
  4.23123026E-07
  3.17386224E-07
  3.17430164E-07
  4.23298701E-07
  3.17517930E-07
  4.23415742E-07
  4.23474233E-07
  3.17649551E-07
  3.17693434E-07
  3.17737261E-07
  4.23708116E-07
  4.23766579E-07
  3.17868768E-07
  4.23883421E-07
  3.17956392E-07
  3.18000190E-07
  3.18043959E-07
  3.18087729E-07
  4.24175312E-07
  4.24233662E-07
  3.18219037E-07
  3.18262778E-07
  3.18306519E-07
  3.18350203E-07
  3.18393944E-07
  3.18437628E-07
  3.18481341E-07
  3.18525025E-07
  2.12379163E-07
  3.18612393E-07
  3.18656049E-07
  3.18699705E-07
  3.18743361E-07
  3.18786988E-07
  3.18830615E-07
  3.18874243E-07
  3.18917813E-07
  3.18961440E-07
  3.19005011E-07
  3.19048610E-07
  3.19092180E-07
  2.12757172E-07
  3.19179293E-07
  2.12815252E-07
  3.19266377E-07
  3.19309919E-07
  3.19353433E-07
  3.19396946E-07
  3.19440431E-07
  3.19483945E-07
  3.19527430E-07
  3.19570916E-07
  3.19614372E-07
  3.19657829E-07
  2.13134200E-07
  3.19744714E-07
  2.13192109E-07
  3.19831571E-07
  3.19874971E-07
  3.19918371E-07
  2.13307871E-07
  2.13336790E-07
  3.20048542E-07
  3.20091914E-07
  2.13423533E-07
  2.13452438E-07
  2.13481329E-07
  2.13510219E-07
  2.13539110E-07
  2.13567972E-07
  2.13596849E-07
  2.13625711E-07
  3.20481831E-07
  2.13683435E-07
  2.13712269E-07
  2.13741117E-07
  2.13769951E-07
  2.13798785E-07
  2.13827605E-07
  2.13856424E-07
  2.13885244E-07
  1.06957032E-07
  2.13942855E-07
  2.13971646E-07
  2.14000423E-07
  2.14029214E-07
  1.07029003E-07
  1.07043391E-07
  1.07057772E-07
  1.07072147E-07
  1.07086528E-07
  1.07100895E-07
  1.07115270E-07
  1.07129637E-07
  1.07144011E-07
  2.14316728E-07
  1.07172731E-07
  2.14374154E-07
  2.14402860E-07
  2.14431566E-07
  2.14460258E-07
  1.07244482E-07
  2.14517627E-07
  2.14546304E-07
  2.14574982E-07
  2.14603645E-07
  1.07316161E-07
  1.07330493E-07
  1.07344810E-07
  2.14718256E-07
  2.14746876E-07
  2.14775525E-07
  2.14804146E-07
  1.07416390E-07
  2.14861387E-07
  2.14889980E-07
  2.14918600E-07
  2.14947192E-07
  2.14975771E-07
  2.15004363E-07
  1.07516477E-07
  2.15061505E-07
  2.15090068E-07
  2.15118646E-07
  3.22720780E-07
  2.15175746E-07
  2.15204295E-07
  2.15232816E-07
  2.15261366E-07
  3.22934795E-07
  2.15318394E-07
  2.15346915E-07
  2.15375408E-07
  2.15403915E-07
  2.15432408E-07
  2.15460915E-07
  2.15489393E-07
  2.15517872E-07
  2.15546351E-07
  2.15574801E-07
  2.15603279E-07
  2.15631729E-07
  3.23490241E-07
  3.23532902E-07
  2.15717066E-07
  2.15745501E-07
  2.15773909E-07
  2.15802345E-07
  2.15830752E-07
  3.23788726E-07
  3.23831330E-07
  3.23873905E-07
  2.15944354E-07
  2.15972733E-07
  3.24001661E-07
  3.24044208E-07
  3.24086784E-07
  3.24129331E-07
  3.24171850E-07
  3.24214369E-07
  3.24256888E-07
  3.24299407E-07
  3.24341897E-07
  3.24384388E-07
  4.32569124E-07
  3.24469340E-07
  3.24511802E-07
  3.24554236E-07
  3.24596698E-07
  3.24639132E-07
  3.24681565E-07
  3.24723999E-07
  2.16510955E-07
  3.24808809E-07
  2.16567472E-07
  3.24893563E-07
  3.24935939E-07
  3.24978316E-07
  2.16680476E-07
  3.25063041E-07
  3.25105390E-07
  3.25147710E-07
  3.25190030E-07
  3.25232349E-07
  3.25274641E-07
  2.16877993E-07
  3.25359252E-07
  3.25401516E-07
  3.25443807E-07
  4.33981398E-07
  3.25528333E-07
  3.25570568E-07
  3.25612802E-07
  3.25655037E-07
  3.25697243E-07
  4.34319247E-07
  4.34375522E-07
  3.25823862E-07
  3.25866040E-07
  3.25908189E-07
  3.25950367E-07
  3.25992517E-07
  3.26034694E-07
  3.26076815E-07
  3.26118965E-07
  3.26161086E-07
  3.26203207E-07
  3.26245328E-07
  3.26287420E-07
  3.26329513E-07
  3.26371577E-07
  3.26413641E-07
  3.26455705E-07
  3.26497769E-07
  3.26539805E-07
  4.35442445E-07
  4.35498492E-07
  3.26665912E-07
  3.26707919E-07
  3.26749898E-07
  3.26791906E-07
  3.26833884E-07
  3.26875863E-07
  3.26917814E-07
  3.26959793E-07
  3.27001743E-07
  3.27043693E-07
  4.36114135E-07
  3.27127538E-07
  3.27169460E-07
  3.27211353E-07
  3.27253247E-07
  3.27295140E-07
  3.27337034E-07
  3.27378899E-07
  3.27420764E-07
  3.27462629E-07
  4.36672593E-07
  3.27546331E-07
  3.27588140E-07
  3.27629948E-07
  3.27671756E-07
  3.27713565E-07
  3.27755345E-07
  2.18531440E-07
  2.18559293E-07
  3.27880684E-07
  2.18614971E-07
  3.27964187E-07
  3.28005939E-07
  3.28047690E-07
  3.28089413E-07
  2.18754096E-07
  3.28172803E-07
  2.18809689E-07
  3.28256192E-07
  2.18865267E-07
  2.18893049E-07
  2.18920817E-07
  2.18948600E-07
  2.18976353E-07
  2.19004122E-07
  2.19031875E-07
  3.28589408E-07
  2.19087369E-07
  3.28672655E-07
  3.28714236E-07
  2.19170559E-07
  3.28797398E-07
  2.19225981E-07
  2.19253693E-07
  2.19281389E-07
  2.19309086E-07
  2.19336769E-07
  2.19364466E-07
  2.19392135E-07
  2.19419817E-07
  2.19447486E-07
  2.19475154E-07
  2.19502809E-07
  2.19530463E-07
  3.29337126E-07
  3.29378594E-07
  3.29420033E-07
  2.19640995E-07
  2.19668621E-07
  2.19696233E-07
  2.19723844E-07
  2.19751428E-07
  2.19779039E-07
  1.09903326E-07
  1.09917117E-07
  1.09930902E-07
  2.19889372E-07
  1.09958478E-07
  2.19944496E-07
  2.19972051E-07
  2.19999620E-07
  1.10013588E-07
  2.20054702E-07
  2.20082242E-07
  2.20109783E-07
  2.20137295E-07
  2.20164836E-07
  2.20192348E-07
  3.30329755E-07
  3.30370995E-07
  3.30412234E-07
  3.30453474E-07
  2.20329810E-07
  2.20357293E-07
  2.20384749E-07
  2.20412218E-07
  2.20439674E-07
  2.20467129E-07
  2.20494570E-07
  1.10261020E-07
  1.10274740E-07
  1.10288454E-07
  1.10302167E-07
  2.20631733E-07
  1.10329587E-07
  2.20686559E-07
  1.10356993E-07
  1.10370692E-07
  1.10384391E-07
  2.20796153E-07
  2.20823523E-07
  2.20850907E-07
  2.20878277E-07
  2.20905648E-07
  2.20933003E-07
  2.20960374E-07
  2.20987715E-07
  3.31522557E-07
  3.31563569E-07
  3.31604582E-07
  3.31645566E-07
  3.31686550E-07
  3.31727506E-07
  4.42357930E-07
  4.42412528E-07
  5.53083908E-07
  4.42521724E-07
  4.42576294E-07
  4.42630835E-07
  3.32014054E-07
  4.42739889E-07
  3.32095823E-07
  3.32136722E-07
  2.21451742E-07
  3.32218434E-07
  2.21506212E-07
  2.21533455E-07
  2.21560668E-07
  2.21587896E-07
  1.10807562E-07
  1.10821169E-07
  1.10834762E-07
  1.10848362E-07
  1.10861954E-07
  1.10875547E-07
   0.0000000    
   0.0000000    
   0.0000000    
   0.0000000    
   0.0000000    
   0.0000000    
   0.0000000    
  1.10984210E-07
  1.10997767E-07
  1.11011339E-07
  1.11024896E-07
  1.11038453E-07
  1.11052010E-07
  1.11065560E-07
  2.22158235E-07
  2.22185335E-07
  2.22212421E-07
  2.22239507E-07
  2.22266578E-07
  2.22293650E-07
  3.33481097E-07
  3.33521712E-07
  3.33562269E-07
  3.33602856E-07
  4.44857903E-07
  4.44911990E-07
  4.44966048E-07
  4.45020106E-07
  5.56342741E-07
  5.56410271E-07
  5.56477744E-07
  5.56545274E-07
  4.45290198E-07
  5.56680277E-07
  4.45398200E-07
  4.45452145E-07
  4.45506146E-07
  4.45560090E-07
  3.34210483E-07
  3.34250927E-07
  3.34291371E-07
  3.34331787E-07
  3.34372231E-07
  3.34412618E-07
  2.22968666E-07
  2.22995595E-07
  2.23022525E-07
  3.34574196E-07
  2.23076356E-07
  2.23103257E-07
  2.23130158E-07
  2.23157045E-07
  2.23183946E-07
  2.23210819E-07
  2.23237706E-07
  2.23264564E-07
  2.23291437E-07
  2.23318295E-07
  2.23345154E-07
  2.23371998E-07
  2.23398843E-07
  3.35138537E-07
  2.23452503E-07
  3.35219028E-07
  3.35259244E-07
  3.35299461E-07
  3.35339678E-07
  4.47173193E-07
  3.35420054E-07
  4.47280343E-07
  4.47333917E-07
  3.35540591E-07
  3.35580751E-07
  3.35620939E-07
  3.35661070E-07
  3.35701230E-07
  3.35741333E-07
  2.23854300E-07
  3.35821596E-07
  3.35861699E-07
  3.35901774E-07
  2.23961237E-07
  3.35981952E-07
  2.24014670E-07
  3.36062072E-07
  2.24068074E-07
  3.36142165E-07
  3.36182211E-07
  3.36222229E-07
  3.36262246E-07
  3.36302236E-07
  3.36342254E-07
  4.48509695E-07
  4.48563014E-07
  4.48616333E-07
  4.48669624E-07
  3.36542143E-07
  3.36582104E-07
  3.36622065E-07
  3.36661998E-07
  3.36701930E-07
  3.36741834E-07
  3.36781767E-07
  3.36821643E-07
  3.36861547E-07
  3.36901422E-07
  3.36941298E-07
  4.49308260E-07
  3.37021021E-07
  4.49414529E-07
  4.49467649E-07
  3.37140563E-07
  4.49573889E-07
  3.37220200E-07
  3.37260019E-07
  3.37299838E-07
  3.37339628E-07
  3.37379419E-07
  3.37419181E-07
  3.37458943E-07
  3.37498705E-07
  3.37538467E-07
  3.37578200E-07
  3.37617934E-07
  3.37657639E-07
  4.50263201E-07
  3.37737077E-07
  3.37776783E-07
  3.37816488E-07
  3.37856164E-07
  2.25263889E-07
  2.25290322E-07
  2.25316768E-07
  3.38014843E-07
  2.25369632E-07
  3.38094111E-07
  2.25422468E-07
  3.38173351E-07
  3.38212971E-07
  3.38252534E-07
  3.38292125E-07
  3.38331745E-07
  3.38371308E-07
  2.25607238E-07
  2.25633599E-07
  3.38489997E-07
  3.38529532E-07
  2.25712697E-07
  3.38608601E-07
  2.25765390E-07
  3.38687613E-07
  3.38727119E-07
  4.51688834E-07
  4.51741471E-07
  3.38845553E-07
  3.38885030E-07
  3.38924508E-07
  3.38963929E-07
  3.39003378E-07
  3.39042828E-07
  3.39082249E-07
  3.39121641E-07
  3.39161062E-07
  3.39200454E-07
  3.39239847E-07
  3.39279239E-07
  3.39318603E-07
  3.39357996E-07
  3.39397332E-07
  3.39436696E-07
  3.39476031E-07
  3.39515367E-07
  3.39554703E-07
  3.39594010E-07
  4.52844461E-07
  4.52896870E-07
  3.39711903E-07
  3.39751182E-07
  3.39790489E-07
  3.39829739E-07
  3.39869018E-07
  3.39908240E-07
  3.39947491E-07
  3.39986713E-07
  3.40025963E-07
  4.53420256E-07
  4.53472524E-07
  4.53524819E-07
  4.53577059E-07
  3.40221959E-07
  3.40261124E-07
  4.53733776E-07
  4.53785987E-07
  4.53838197E-07
  4.53890351E-07
  4.53942533E-07
  4.53994716E-07
  4.54046869E-07
  4.54099052E-07
  4.54151177E-07
  4.54203303E-07
  4.54255400E-07
  4.54307525E-07
  4.54359594E-07
  4.54411662E-07
  4.54463759E-07
  4.54515799E-07
  4.54567868E-07
  4.54619908E-07
  3.41003926E-07
  4.54723931E-07
  4.54775943E-07
  4.54827926E-07
  4.54879881E-07
  4.54931893E-07
  4.54983848E-07
  3.41276831E-07
  4.55087729E-07
  4.55139684E-07
  4.55191554E-07
  4.55243480E-07
  4.55295350E-07
  4.55347219E-07
  4.55399118E-07
  4.55450987E-07
  4.55502828E-07
  4.55554670E-07
  4.55606511E-07
  4.55658295E-07
  4.55710108E-07
  4.55761921E-07
  4.55813705E-07
  4.55865489E-07
  4.55917245E-07
  3.41976715E-07
  4.56020729E-07
  3.42054307E-07
  4.56124155E-07
  4.56175854E-07
  4.56227582E-07
  4.56279253E-07
  3.42248171E-07
  4.56382594E-07
  3.42325649E-07
  4.56485878E-07
  4.56537521E-07
  4.56589163E-07
  4.56640748E-07
  3.42519229E-07
  3.42557911E-07
  4.56795533E-07
  4.56847090E-07
  4.56898647E-07
  3.42712610E-07
  3.42751264E-07
  3.42789917E-07
  3.42828542E-07
  3.42867168E-07
  3.42905764E-07
  3.42944389E-07
  4.57310676E-07
  4.57362120E-07
  3.43060151E-07
  4.57465006E-07
  3.43137287E-07
  4.57567836E-07
  3.43214396E-07
  4.57670609E-07
  4.57721995E-07
  3.43329987E-07
  4.57824740E-07
  4.57876098E-07
  4.57927399E-07
  4.57978729E-07
  4.58030030E-07
  4.58081331E-07
  4.58132632E-07
  4.58183905E-07
  4.58235178E-07
  4.58286422E-07
  4.58337666E-07
  4.58388882E-07
  4.58440098E-07
  4.58491343E-07
  5.73178227E-07
  4.58593746E-07
  5.73306181E-07
  4.58696093E-07
  4.58747280E-07
  4.58798411E-07
  4.58849570E-07
  4.58900672E-07
  4.58951803E-07
  4.59002905E-07
  4.59053979E-07
  4.59105109E-07
  4.59156155E-07
  4.59207257E-07
  4.59258274E-07
  4.59309319E-07
  4.59360336E-07
  4.59411353E-07
  4.59462370E-07
  4.59513359E-07
  4.59564376E-07
  4.59615336E-07
  4.59666296E-07
  4.59717285E-07
  4.59768216E-07
  4.59819177E-07
  4.59870080E-07
  4.59920983E-07
  4.59971858E-07
  4.60022761E-07
  3.45055213E-07
  3.45093355E-07
  3.45131497E-07
  4.60226204E-07
  4.60277050E-07
  4.60327840E-07
  4.60378658E-07
  4.60429476E-07
  4.60480265E-07
  4.60531055E-07
  4.60581788E-07
  4.60632549E-07
  4.60683339E-07
  4.60734043E-07
  4.60784804E-07
  4.60835480E-07
  4.60886213E-07
  4.60936917E-07
  4.60987593E-07
  3.45778687E-07
  3.45816659E-07
  3.45854659E-07
  4.61190211E-07
  4.61240830E-07
  3.45968573E-07
  4.61342069E-07
  3.46044459E-07
  4.61443250E-07
  4.61493812E-07
  3.46158259E-07
  4.61594965E-07
  3.46234089E-07
  3.46271975E-07
  3.46309861E-07
  3.46347775E-07
  3.46385633E-07
  3.46423519E-07
  3.46461377E-07
  3.46499235E-07
  3.46537036E-07
  3.46574893E-07
  3.46612723E-07
  3.46650523E-07
  3.46688353E-07
  4.62301557E-07
  4.62351949E-07
  3.46801727E-07
  3.46839499E-07
  3.46877272E-07
  4.62553402E-07
  4.62603737E-07
  3.46990532E-07
  3.47028276E-07
  3.47065992E-07
  3.47103708E-07
  4.62855297E-07
  3.47179139E-07
  3.47216826E-07
  3.47254542E-07
  3.47292200E-07
  3.47329888E-07
  3.47367575E-07
  3.47405205E-07
  3.47442864E-07
  3.47480494E-07
  3.47518124E-07
  2.31703822E-07
  2.31728905E-07
  2.31753987E-07
  2.31779040E-07
  2.31804108E-07
  2.31829176E-07
  2.31854216E-07
  1.15939621E-07
  2.31904309E-07
  2.31929334E-07
  1.15977180E-07
  1.15989693E-07
  1.16002205E-07
  1.16014704E-07
  1.16027209E-07
  1.16039715E-07
  1.16052213E-07
  1.16064712E-07
  1.16077203E-07
  1.16089694E-07
   0.0000000    
  1.16114670E-07
   0.0000000    
  1.16139631E-07
   0.0000000    
   0.0000000    
   0.0000000    
   0.0000000    
   0.0000000    
   0.0000000    
   0.0000000    
   0.0000000    
  1.16251819E-07
   0.0000000    
   0.0000000    
   0.0000000    
   0.0000000    
  1.16314055E-07
   0.0000000    
   0.0000000    
  1.16351373E-07
   0.0000000    
  1.16376228E-07
   0.0000000    
   0.0000000    
  1.16413503E-07
  1.16425916E-07
  1.16438336E-07
   0.0000000    
   0.0000000    
   0.0000000    
   0.0000000    
   0.0000000    
  1.16512773E-07
   0.0000000    
  1.16537564E-07
   0.0000000    
  1.16562340E-07
  1.16574739E-07
  1.16587117E-07
  1.16599502E-07
  1.16611872E-07
  1.16624250E-07
  1.16636627E-07
  1.16648998E-07
  1.16661369E-07
  1.16673725E-07
  1.16686088E-07
  1.16698452E-07
  1.16710808E-07
  1.16723157E-07
  1.16735521E-07
  1.16747870E-07
  2.33520410E-07
  1.16772554E-07
  1.16784896E-07
  1.16797239E-07
  1.16809574E-07
  2.33643789E-07
  1.16834237E-07
  1.16846564E-07
  1.16858892E-07
  1.16871213E-07
  1.16883534E-07
  1.16895848E-07
  1.16908161E-07
  1.16920475E-07
   0.0000000    
   0.0000000    
  1.16957395E-07
  1.16969694E-07
  1.16981994E-07
  1.16994286E-07
  1.17006579E-07
  1.17018871E-07
   0.0000000    
  1.17043442E-07
  1.17055734E-07
  1.17068012E-07
  1.17080290E-07
  1.17092561E-07
  1.17104832E-07
  1.17117111E-07
  1.17129375E-07
  1.17141639E-07
  1.17153895E-07
  1.17166152E-07
  1.17178416E-07
   0.0000000    
   0.0000000    
  1.17215173E-07
  1.17227415E-07
  1.17239658E-07
  1.17251894E-07
   0.0000000    
  1.17276372E-07
   0.0000000    
   0.0000000    
  1.17313064E-07
  1.17325285E-07
  1.17337507E-07
   0.0000000    
   0.0000000    
  1.17374157E-07
   0.0000000    
  1.17398571E-07
  1.17410785E-07
  1.17422985E-07
  1.17435192E-07
   0.0000000    
   0.0000000    
  1.17471778E-07
  1.17483964E-07
   0.0000000    
  1.17508343E-07
  1.17520521E-07
  1.17532707E-07
  1.17544879E-07
  1.17557050E-07
  1.17569229E-07
   0.0000000    
   0.0000000    
  1.17605730E-07
  1.17617887E-07
  1.17630051E-07
   0.0000000    
   0.0000000    
   0.0000000    
   0.0000000    
   0.0000000    
  1.17702946E-07
   0.0000000    
  1.17727225E-07
  1.17739368E-07
  1.17751497E-07
  1.17763634E-07
  1.17775755E-07
  1.17787877E-07
  1.17800006E-07
  1.17812121E-07
  1.17824236E-07
  1.17836358E-07
  1.17848472E-07
  1.17860580E-07
  1.17872681E-07
  1.17884781E-07
  1.17896889E-07
   0.0000000    
  1.17921083E-07
  1.17933176E-07
  1.17945270E-07
  1.17957356E-07
  2.35938870E-07
  1.17981529E-07
  1.17993615E-07
  1.18005687E-07
  1.18017759E-07
  1.18029838E-07
  1.18041903E-07
  1.18053968E-07
  1.18066040E-07
  1.18078098E-07
  1.18090163E-07
  2.36204428E-07
  2.36228530E-07
  2.36252632E-07
  1.18138374E-07
  1.18150425E-07
  2.36324908E-07
  1.18174505E-07
  1.18186549E-07
  2.36397142E-07
  1.18210615E-07
  2.36445274E-07
  2.36469347E-07
  2.36493392E-07
  2.36517437E-07
  2.36541467E-07
  2.36565498E-07
  2.36589543E-07
  1.18306794E-07
  2.36637575E-07
  2.36661606E-07
  2.36685608E-07
  2.36709610E-07
  2.36733626E-07
  2.36757614E-07
  2.36781602E-07
  2.36805576E-07
  2.36829550E-07
  2.36853538E-07
  2.36877497E-07
  1.18450743E-07
  2.36925416E-07
  1.18474695E-07
  1.18486668E-07
  2.36997266E-07
  2.37021197E-07
  2.37045128E-07
  2.37069074E-07
  2.37092991E-07
  2.37116907E-07
  2.37140796E-07
  2.37164699E-07
  2.37188615E-07
  1.18606259E-07
  1.18618210E-07
  1.18630155E-07
  1.18642092E-07
  1.18654029E-07
  2.37331903E-07
  1.18677896E-07
  1.18689826E-07
  2.37403484E-07
  2.37427329E-07
  2.37451175E-07
  2.37475035E-07
  2.37498867E-07
  2.37522698E-07
  2.37546502E-07
  2.37570319E-07
  2.37594136E-07
  2.37617940E-07
  2.37641743E-07
  2.37665546E-07
  1.18844675E-07
  1.18856569E-07
  2.37736913E-07
  2.37760673E-07
  2.37784448E-07
  2.37808223E-07
  2.37831983E-07
  2.37855744E-07
  2.37879505E-07
  2.37903251E-07
  2.37926983E-07
