  0.10000000      3.33751878E-03
  0.20000000      6.65241526E-03
  0.30000001      9.87625401E-03
  0.40000001      1.29383896E-02
  0.50000000      1.57665480E-02
  0.60000002      1.82865690E-02
  0.70000005      2.04228684E-02
  0.80000001      2.20981967E-02
  0.90000004      2.32343767E-02
   1.0000000      2.37524044E-02
   1.1000000      2.35729367E-02
   1.2000000      2.26165373E-02
   1.3000001      2.08047256E-02
   1.4000001      1.80600099E-02
   1.5000000      1.43067501E-02
   1.6000000      9.47243813E-03
   1.7000000      3.48734064E-03
   1.8000001      3.71326786E-03
   1.9000001      1.21895950E-02
   2.0000000      2.19954494E-02
   2.0999999      3.31774503E-02
   2.2000000      4.57734838E-02
   2.3000000      5.98142073E-02
   2.3999999      7.53193796E-02
   2.5000000      9.22970697E-02
   2.5999999      0.11074603    
   2.7000000      0.13065004    
   2.8000000      0.15198296    
   2.8999999      0.17470294    
