   0.0000000       0.0000000    
  1.57079636E-03  1.57079636E-03
  3.14159272E-03  3.14159272E-03
  4.71238885E-03  4.71238885E-03
  6.28318544E-03  6.28318544E-03
  7.85398204E-03  7.85398204E-03
  9.42477770E-03  9.42477770E-03
  1.09955743E-02  1.09955743E-02
  1.25663709E-02  1.25663709E-02
  1.41371675E-02  1.41371675E-02
  1.57079641E-02  1.57079641E-02
  1.72787607E-02  1.72787607E-02
  1.88495554E-02  1.88495554E-02
  2.04203520E-02  2.04203520E-02
  2.19911486E-02  2.19911486E-02
  2.35619452E-02  2.35619452E-02
  2.51327418E-02  2.51327418E-02
  2.67035384E-02  2.67035384E-02
  2.82743350E-02  2.82743350E-02
  2.98451316E-02  2.98451316E-02
  3.14159282E-02  3.14159282E-02
  3.29867229E-02  3.29867229E-02
  3.45575213E-02  3.45575213E-02
  3.61283161E-02  3.61283161E-02
  3.76991108E-02  3.76991108E-02
  3.92699093E-02  3.92699093E-02
  4.08407040E-02  4.08407040E-02
  4.24115025E-02  4.24115025E-02
  4.39822972E-02  4.39822972E-02
  4.55530956E-02  4.55530956E-02
  4.71238904E-02  4.71238904E-02
  4.86946888E-02  4.86946888E-02
  5.02654836E-02  5.02654836E-02
  5.18362783E-02  5.18362783E-02
  5.34070767E-02  5.34070767E-02
  5.49778715E-02  5.49778715E-02
  5.65486699E-02  5.65486699E-02
  5.81194647E-02  5.81194647E-02
  5.96902631E-02  5.96902631E-02
  6.12610579E-02  6.12610579E-02
  6.28318563E-02  6.28318563E-02
  6.44026473E-02  6.44026473E-02
  6.59734458E-02  6.59734458E-02
  6.75442442E-02  6.75442442E-02
  6.91150427E-02  6.91150427E-02
  7.06858337E-02  7.06858337E-02
  7.22566321E-02  7.22566321E-02
  7.38274306E-02  7.38274306E-02
  7.53982216E-02  7.53982216E-02
  7.69690201E-02  7.69690201E-02
  7.85398185E-02  7.85398185E-02
  8.01106170E-02  8.01106170E-02
  8.16814080E-02  8.16814080E-02
  8.32522064E-02  8.32522064E-02
  8.48230049E-02  8.48230049E-02
  8.63938034E-02  8.63938034E-02
  8.79645944E-02  8.79645944E-02
  8.95353928E-02  8.95353928E-02
  9.11061913E-02  9.11061913E-02
  9.26769823E-02  9.26769823E-02
  9.42477807E-02  9.42477807E-02
  9.58185792E-02  9.58185792E-02
  9.73893777E-02  9.73893777E-02
  9.89601687E-02  9.89601687E-02
  0.10053097      0.10053097    
  0.10210177      0.10210177    
  0.10367256      0.10367256    
  0.10524336      0.10524336    
  0.10681415      0.10681415    
  0.10838495      0.10838495    
  0.10995574      0.10995574    
  0.11152654      0.11152654    
  0.11309734      0.11309734    
  0.11466813      0.11466813    
  0.11623893      0.11623893    
  0.11780973      0.11780973    
  0.11938053      0.11938053    
  0.12095132      0.12095132    
  0.12252212      0.12252212    
  0.12409291      0.12409291    
  0.12566371      0.12566371    
  0.12723450      0.12723450    
  0.12880529      0.12880529    
  0.13037610      0.13037610    
  0.13194689      0.13194689    
  0.13351770      0.13351770    
  0.13508849      0.13508849    
  0.13665928      0.13665928    
  0.13823009      0.13823009    
  0.13980088      0.13980088    
  0.14137167      0.14137167    
  0.14294247      0.14294247    
  0.14451326      0.14451326    
  0.14608406      0.14608406    
  0.14765486      0.14765486    
  0.14922565      0.14922565    
  0.15079644      0.15079644    
  0.15236725      0.15236725    
  0.15393804      0.15393804    
  0.15550885      0.15550885    
  0.15707964      0.15707964    
  0.15865043      0.15865043    
  0.16022123      0.16022123    
  0.16179202      0.16179202    
  0.16336282      0.16336282    
  0.16493362      0.16493362    
  0.16650441      0.16650441    
  0.16807520      0.16807520    
  0.16964601      0.16964601    
  0.17121680      0.17121680    
  0.17278761      0.17278761    
  0.17435840      0.17435840    
  0.17592919      0.17592919    
  0.17749999      0.17749999    
  0.17907079      0.17907079    
  0.18064158      0.18064158    
  0.18221238      0.18221238    
  0.18378317      0.18378317    
  0.18535396      0.18535396    
  0.18692477      0.18692477    
  0.18849556      0.18849556    
  0.19006635      0.19006635    
  0.19163716      0.19163716    
  0.19320795      0.19320795    
  0.19477876      0.19477876    
  0.19634955      0.19634955    
  0.19792034      0.19792034    
  0.19949114      0.19949114    
  0.20106193      0.20106193    
  0.20263273      0.20263273    
  0.20420353      0.20420353    
  0.20577432      0.20577432    
  0.20734511      0.20734511    
  0.20891592      0.20891592    
  0.21048671      0.21048671    
  0.21205752      0.21205752    
  0.21362831      0.21362831    
  0.21519910      0.21519910    
  0.21676990      0.21676990    
  0.21834069      0.21834069    
  0.21991149      0.21991149    
  0.22148229      0.22148229    
  0.22305308      0.22305308    
  0.22462387      0.22462387    
  0.22619468      0.22619468    
  0.22776547      0.22776547    
  0.22933626      0.22933626    
  0.23090707      0.23090707    
  0.23247786      0.23247786    
  0.23404866      0.23404866    
  0.23561946      0.23561946    
  0.23719025      0.23719025    
  0.23876105      0.23876105    
  0.24033184      0.24033184    
  0.24190263      0.24190263    
  0.24347344      0.24347344    
  0.24504423      0.24504423    
  0.24661502      0.24661502    
  0.24818583      0.24818583    
  0.24975662      0.24975662    
  0.25132743      0.25132743    
  0.25289822      0.25289822    
  0.25446901      0.25446901    
  0.25603980      0.25603980    
  0.25761059      0.25761059    
  0.25918141      0.25918141    
  0.26075220      0.26075220    
  0.26232299      0.26232299    
  0.26389378      0.26389378    
  0.26546457      0.26546457    
  0.26703539      0.26703539    
  0.26860619      0.26860619    
  0.27017698      0.27017698    
  0.27174777      0.27174777    
  0.27331856      0.27331856    
  0.27488935      0.27488935    
  0.27646017      0.27646017    
  0.27803096      0.27803096    
  0.27960175      0.27960175    
  0.28117254      0.28117254    
  0.28274333      0.28274333    
  0.28431416      0.28431416    
  0.28588495      0.28588495    
  0.28745574      0.28745574    
  0.28902653      0.28902653    
  0.29059732      0.29059732    
  0.29216811      0.29216811    
  0.29373893      0.29373893    
  0.29530972      0.29530972    
  0.29688051      0.29688051    
  0.29845130      0.29845130    
  0.30002210      0.30002210    
  0.30159289      0.30159289    
  0.30316371      0.30316371    
  0.30473450      0.30473450    
  0.30630529      0.30630529    
  0.30787608      0.30787608    
  0.30944687      0.30944687    
  0.31101769      0.31101769    
  0.31258848      0.31258848    
  0.31415927      0.31415927    
  0.31573007      0.31573007    
  0.31730086      0.31730086    
  0.31887165      0.31887165    
  0.32044247      0.32044247    
  0.32201326      0.32201326    
  0.32358405      0.32358405    
  0.32515484      0.32515484    
  0.32672563      0.32672563    
  0.32829645      0.32829645    
  0.32986724      0.32986724    
  0.33143803      0.33143803    
  0.33300883      0.33300883    
  0.33457962      0.33457962    
  0.33615041      0.33615041    
  0.33772123      0.33772123    
  0.33929202      0.33929202    
  0.34086281      0.34086281    
  0.34243360      0.34243360    
  0.34400439      0.34400439    
  0.34557521      0.34557521    
  0.34714600      0.34714600    
  0.34871680      0.34871680    
  0.35028759      0.35028759    
  0.35185838      0.35185838    
  0.35342917      0.35342917    
  0.35499999      0.35499999    
  0.35657078      0.35657078    
  0.35814157      0.35814157    
  0.35971236      0.35971236    
  0.36128315      0.36128315    
  0.36285397      0.36285397    
  0.36442477      0.36442477    
  0.36599556      0.36599556    
  0.36756635      0.36756635    
  0.36913714      0.36913714    
  0.37070793      0.37070793    
  0.37227875      0.37227875    
  0.37384954      0.37384954    
  0.37542033      0.37542033    
  0.37699112      0.37699112    
  0.37856191      0.37856191    
  0.38013270      0.38013270    
  0.38170353      0.38170353    
  0.38327432      0.38327432    
  0.38484511      0.38484511    
  0.38641590      0.38641590    
  0.38798669      0.38798669    
  0.38955751      0.38955751    
  0.39112830      0.39112830    
  0.39269909      0.39269909    
  0.39426988      0.39426988    
  0.39584067      0.39584067    
  0.39741147      0.39741147    
  0.39898229      0.39898229    
  0.40055308      0.40055308    
  0.40212387      0.40212387    
  0.40369466      0.40369466    
  0.40526545      0.40526545    
  0.40683627      0.40683627    
  0.40840706      0.40840706    
  0.40997785      0.40997785    
  0.41154864      0.41154864    
  0.41311944      0.41311944    
  0.41469023      0.41469023    
  0.41626105      0.41626105    
  0.41783184      0.41783184    
  0.41940263      0.41940263    
  0.42097342      0.42097342    
  0.42254421      0.42254421    
  0.42411503      0.42411503    
  0.42568582      0.42568582    
  0.42725661      0.42725661    
  0.42882740      0.42882740    
  0.43039820      0.43039820    
  0.43196899      0.43196899    
  0.43353981      0.43353981    
  0.43511060      0.43511060    
  0.43668139      0.43668139    
  0.43825218      0.43825218    
  0.43982297      0.43982297    
  0.44139376      0.44139376    
  0.44296458      0.44296458    
  0.44453537      0.44453537    
  0.44610617      0.44610617    
  0.44767696      0.44767696    
  0.44924775      0.44924775    
  0.45081857      0.45081857    
  0.45238936      0.45238936    
  0.45396015      0.45396015    
  0.45553094      0.45553094    
  0.45710173      0.45710173    
  0.45867252      0.45867252    
  0.46024334      0.46024334    
  0.46181414      0.46181414    
  0.46338493      0.46338493    
  0.46495572      0.46495572    
  0.46652651      0.46652651    
  0.46809733      0.46809733    
  0.46966812      0.46966812    
  0.47123891      0.47123891    
  0.47280970      0.47280970    
  0.47438049      0.47438049    
  0.47595128      0.47595128    
  0.47752210      0.47752210    
  0.47909290      0.47909290    
  0.48066369      0.48066369    
  0.48223448      0.48223448    
  0.48380527      0.48380527    
  0.48537609      0.48537609    
  0.48694688      0.48694688    
  0.48851767      0.48851767    
  0.49008846      0.49008846    
  0.49165925      0.49165925    
  0.49323004      0.49323004    
  0.49480087      0.49480087    
  0.49637166      0.49637166    
  0.49794245      0.49794245    
  0.49951324      0.49951324    
  0.50108403      0.50108403    
  0.50265485      0.50265485    
  0.50422561      0.50422561    
  0.50579643      0.50579643    
  0.50736725      0.50736725    
  0.50893801      0.50893801    
  0.51050884      0.51050884    
  0.51207960      0.51207960    
  0.51365042      0.51365042    
  0.51522118      0.51522118    
  0.51679200      0.51679200    
  0.51836282      0.51836282    
  0.51993358      0.51993358    
  0.52150440      0.52150440    
  0.52307516      0.52307516    
  0.52464598      0.52464598    
  0.52621680      0.52621680    
  0.52778757      0.52778757    
  0.52935839      0.52935839    
  0.53092915      0.53092915    
  0.53249997      0.53249997    
  0.53407079      0.53407079    
  0.53564155      0.53564155    
  0.53721237      0.53721237    
  0.53878313      0.53878313    
  0.54035395      0.54035395    
  0.54192472      0.54192472    
  0.54349554      0.54349554    
  0.54506636      0.54506636    
  0.54663712      0.54663712    
  0.54820794      0.54820794    
  0.54977870      0.54977870    
  0.55134952      0.55134952    
  0.55292034      0.55292034    
  0.55449110      0.55449110    
  0.55606192      0.55606192    
  0.55763268      0.55763268    
  0.55920351      0.55920351    
  0.56077433      0.56077433    
  0.56234509      0.56234509    
  0.56391591      0.56391591    
  0.56548667      0.56548667    
  0.56705749      0.56705749    
  0.56862831      0.56862831    
  0.57019907      0.57019907    
  0.57176989      0.57176989    
  0.57334065      0.57334065    
  0.57491148      0.57491148    
  0.57648224      0.57648224    
  0.57805306      0.57805306    
  0.57962388      0.57962388    
  0.58119464      0.58119464    
  0.58276546      0.58276546    
  0.58433622      0.58433622    
  0.58590704      0.58590704    
  0.58747786      0.58747786    
  0.58904862      0.58904862    
  0.59061944      0.59061944    
  0.59219021      0.59219021    
  0.59376103      0.59376103    
  0.59533185      0.59533185    
  0.59690261      0.59690261    
  0.59847343      0.59847343    
  0.60004419      0.60004419    
  0.60161501      0.60161501    
  0.60318577      0.60318577    
  0.60475659      0.60475659    
  0.60632741      0.60632741    
  0.60789818      0.60789818    
  0.60946900      0.60946900    
  0.61103976      0.61103976    
  0.61261058      0.61261058    
  0.61418140      0.61418140    
  0.61575216      0.61575216    
  0.61732298      0.61732298    
  0.61889374      0.61889374    
  0.62046456      0.62046456    
  0.62203538      0.62203538    
  0.62360615      0.62360615    
  0.62517697      0.62517697    
  0.62674773      0.62674773    
  0.62831855      0.62831855    
  0.62988937      0.62988937    
  0.63146013      0.63146013    
  0.63303095      0.63303095    
  0.63460171      0.63460171    
  0.63617253      0.63617253    
  0.63774329      0.63774329    
  0.63931412      0.63931412    
  0.64088494      0.64088494    
  0.64245570      0.64245570    
  0.64402652      0.64402652    
  0.64559728      0.64559728    
  0.64716810      0.64716810    
  0.64873892      0.64873892    
  0.65030968      0.65030968    
  0.65188050      0.65188050    
  0.65345126      0.65345126    
  0.65502208      0.65502208    
  0.65659291      0.65659291    
  0.65816367      0.65816367    
  0.65973449      0.65973449    
  0.66130525      0.66130525    
  0.66287607      0.66287607    
  0.66444689      0.66444689    
  0.66601765      0.66601765    
  0.66758847      0.66758847    
  0.66915923      0.66915923    
  0.67073005      0.67073005    
  0.67230082      0.67230082    
  0.67387164      0.67387164    
  0.67544246      0.67544246    
  0.67701322      0.67701322    
  0.67858404      0.67858404    
  0.68015480      0.68015480    
  0.68172562      0.68172562    
  0.68329644      0.68329644    
  0.68486720      0.68486720    
  0.68643802      0.68643802    
  0.68800879      0.68800879    
  0.68957961      0.68957961    
  0.69115043      0.69115043    
  0.69272119      0.69272119    
  0.69429201      0.69429201    
  0.69586277      0.69586277    
  0.69743359      0.69743359    
  0.69900435      0.69900435    
  0.70057517      0.70057517    
  0.70214599      0.70214599    
  0.70371675      0.70371675    
  0.70528758      0.70528758    
  0.70685834      0.70685834    
  0.70842916      0.70842916    
  0.70999998      0.70999998    
  0.71157074      0.71157074    
  0.71314156      0.71314156    
  0.71471232      0.71471232    
  0.71628314      0.71628314    
  0.71785396      0.71785396    
  0.71942472      0.71942472    
  0.72099555      0.72099555    
  0.72256631      0.72256631    
  0.72413713      0.72413713    
  0.72570795      0.72570795    
  0.72727871      0.72727871    
  0.72884953      0.72884953    
  0.73042029      0.73042029    
  0.73199111      0.73199111    
  0.73356187      0.73356187    
  0.73513269      0.73513269    
  0.73670352      0.73670352    
  0.73827428      0.73827428    
  0.73984510      0.73984510    
  0.74141586      0.74141586    
  0.74298668      0.74298668    
  0.74455750      0.74455750    
  0.74612826      0.74612826    
  0.74769908      0.74769908    
  0.74926984      0.74926984    
  0.75084066      0.75084066    
  0.75241148      0.75241148    
  0.75398225      0.75398225    
  0.75555307      0.75555307    
  0.75712383      0.75712383    
  0.75869465      0.75869465    
  0.76026541      0.76026541    
  0.76183623      0.76183623    
  0.76340705      0.76340705    
  0.76497781      0.76497781    
  0.76654863      0.76654863    
  0.76811939      0.76811939    
  0.76969022      0.76969022    
  0.77126104      0.77126104    
  0.77283180      0.77283180    
  0.77440262      0.77440262    
  0.77597338      0.77597338    
  0.77754420      0.77754420    
  0.77911502      0.77911502    
  0.78068578      0.78068578    
  0.78225660      0.78225660    
  0.78382736      0.78382736    
  0.78539819      0.78539819    
  0.78696901      0.78696901    
  0.78853977      0.78853977    
  0.79011059      0.79011059    
  0.79168135      0.79168135    
  0.79325217      0.79325217    
  0.79482293      0.79482293    
  0.79639375      0.79639375    
  0.79796457      0.79796457    
  0.79953533      0.79953533    
  0.80110615      0.80110615    
  0.80267692      0.80267692    
  0.80424774      0.80424774    
  0.80581856      0.80581856    
  0.80738932      0.80738932    
  0.80896014      0.80896014    
  0.81053090      0.81053090    
  0.81210172      0.81210172    
  0.81367254      0.81367254    
  0.81524330      0.81524330    
  0.81681412      0.81681412    
  0.81838489      0.81838489    
  0.81995571      0.81995571    
  0.82152647      0.82152647    
  0.82309729      0.82309729    
  0.82466811      0.82466811    
  0.82623887      0.82623887    
  0.82780969      0.82780969    
  0.82938045      0.82938045    
  0.83095127      0.83095127    
  0.83252209      0.83252209    
  0.83409286      0.83409286    
  0.83566368      0.83566368    
  0.83723444      0.83723444    
  0.83880526      0.83880526    
  0.84037608      0.84037608    
  0.84194684      0.84194684    
  0.84351766      0.84351766    
  0.84508842      0.84508842    
  0.84665924      0.84665924    
  0.84823006      0.84823006    
  0.84980083      0.84980083    
  0.85137165      0.85137165    
  0.85294241      0.85294241    
  0.85451323      0.85451323    
  0.85608399      0.85608399    
  0.85765481      0.85765481    
  0.85922563      0.85922563    
  0.86079639      0.86079639    
  0.86236721      0.86236721    
  0.86393797      0.86393797    
  0.86550879      0.86550879    
  0.86707962      0.86707962    
  0.86865038      0.86865038    
  0.87022120      0.87022120    
  0.87179196      0.87179196    
  0.87336278      0.87336278    
  0.87493360      0.87493360    
  0.87650436      0.87650436    
  0.87807518      0.87807518    
  0.87964594      0.87964594    
  0.88121676      0.88121676    
  0.88278753      0.88278753    
  0.88435835      0.88435835    
  0.88592917      0.88592917    
  0.88749993      0.88749993    
  0.88907075      0.88907075    
  0.89064151      0.89064151    
  0.89221233      0.89221233    
  0.89378315      0.89378315    
  0.89535391      0.89535391    
  0.89692473      0.89692473    
  0.89849550      0.89849550    
  0.90006632      0.90006632    
  0.90163714      0.90163714    
  0.90320790      0.90320790    
  0.90477872      0.90477872    
  0.90634948      0.90634948    
  0.90792030      0.90792030    
  0.90949112      0.90949112    
  0.91106188      0.91106188    
  0.91263270      0.91263270    
  0.91420346      0.91420346    
  0.91577429      0.91577429    
  0.91734505      0.91734505    
  0.91891587      0.91891587    
  0.92048669      0.92048669    
  0.92205745      0.92205745    
  0.92362827      0.92362827    
  0.92519903      0.92519903    
  0.92676985      0.92676985    
  0.92834067      0.92834067    
  0.92991143      0.92991143    
  0.93148226      0.93148226    
  0.93305302      0.93305302    
  0.93462384      0.93462384    
  0.93619466      0.93619466    
  0.93776542      0.93776542    
  0.93933624      0.93933624    
  0.94090700      0.94090700    
  0.94247782      0.94247782    
  0.94404858      0.94404858    
  0.94561940      0.94561940    
  0.94719023      0.94719023    
  0.94876099      0.94876099    
  0.95033181      0.95033181    
  0.95190257      0.95190257    
  0.95347339      0.95347339    
  0.95504421      0.95504421    
  0.95661497      0.95661497    
  0.95818579      0.95818579    
  0.95975655      0.95975655    
  0.96132737      0.96132737    
  0.96289819      0.96289819    
  0.96446896      0.96446896    
  0.96603978      0.96603978    
  0.96761054      0.96761054    
  0.96918136      0.96918136    
  0.97075218      0.97075218    
  0.97232294      0.97232294    
  0.97389376      0.97389376    
  0.97546452      0.97546452    
  0.97703534      0.97703534    
  0.97860610      0.97860610    
  0.98017693      0.98017693    
  0.98174775      0.98174775    
  0.98331851      0.98331851    
  0.98488933      0.98488933    
  0.98646009      0.98646009    
  0.98803091      0.98803091    
  0.98960173      0.98960173    
  0.99117249      0.99117249    
  0.99274331      0.99274331    
  0.99431407      0.99431407    
  0.99588490      0.99588490    
  0.99745572      0.99745572    
  0.99902648      0.99902648    
   1.0005972       1.0005972    
   1.0021681       1.0021681    
   1.0037389       1.0037389    
   1.0053097       1.0053097    
   1.0068805       1.0068805    
   1.0084512       1.0084512    
   1.0100220       1.0100220    
   1.0115929       1.0115929    
   1.0131637       1.0131637    
   1.0147345       1.0147345    
   1.0163052       1.0163052    
   1.0178760       1.0178760    
   1.0194468       1.0194468    
   1.0210177       1.0210177    
   1.0225884       1.0225884    
   1.0241592       1.0241592    
   1.0257300       1.0257300    
   1.0273008       1.0273008    
   1.0288717       1.0288717    
   1.0304424       1.0304424    
   1.0320132       1.0320132    
   1.0335840       1.0335840    
   1.0351548       1.0351548    
   1.0367256       1.0367256    
   1.0382963       1.0382963    
   1.0398672       1.0398672    
   1.0414380       1.0414380    
   1.0430088       1.0430088    
   1.0445796       1.0445796    
   1.0461503       1.0461503    
   1.0477211       1.0477211    
   1.0492920       1.0492920    
   1.0508628       1.0508628    
   1.0524336       1.0524336    
   1.0540043       1.0540043    
   1.0555751       1.0555751    
   1.0571460       1.0571460    
   1.0587168       1.0587168    
   1.0602876       1.0602876    
   1.0618583       1.0618583    
   1.0634291       1.0634291    
   1.0649999       1.0649999    
   1.0665708       1.0665708    
   1.0681416       1.0681416    
   1.0697123       1.0697123    
   1.0712831       1.0712831    
   1.0728539       1.0728539    
   1.0744247       1.0744247    
   1.0759956       1.0759956    
   1.0775663       1.0775663    
   1.0791371       1.0791371    
   1.0807079       1.0807079    
   1.0822787       1.0822787    
   1.0838494       1.0838494    
   1.0854203       1.0854203    
   1.0869911       1.0869911    
   1.0885619       1.0885619    
   1.0901327       1.0901327    
   1.0917034       1.0917034    
   1.0932742       1.0932742    
   1.0948451       1.0948451    
   1.0964159       1.0964159    
   1.0979867       1.0979867    
   1.0995574       1.0995574    
   1.1011282       1.1011282    
   1.1026990       1.1026990    
   1.1042699       1.1042699    
   1.1058407       1.1058407    
   1.1074114       1.1074114    
   1.1089822       1.1089822    
   1.1105530       1.1105530    
   1.1121238       1.1121238    
   1.1136947       1.1136947    
   1.1152654       1.1152654    
   1.1168362       1.1168362    
   1.1184070       1.1184070    
   1.1199778       1.1199778    
   1.1215487       1.1215487    
   1.1231194       1.1231194    
   1.1246902       1.1246902    
   1.1262610       1.1262610    
   1.1278318       1.1278318    
   1.1294026       1.1294026    
   1.1309733       1.1309733    
   1.1325442       1.1325442    
   1.1341150       1.1341150    
   1.1356858       1.1356858    
   1.1372566       1.1372566    
   1.1388273       1.1388273    
   1.1403981       1.1403981    
   1.1419690       1.1419690    
   1.1435398       1.1435398    
   1.1451105       1.1451105    
   1.1466813       1.1466813    
   1.1482521       1.1482521    
   1.1498230       1.1498230    
   1.1513938       1.1513938    
   1.1529645       1.1529645    
   1.1545353       1.1545353    
   1.1561061       1.1561061    
   1.1576769       1.1576769    
   1.1592478       1.1592478    
   1.1608185       1.1608185    
   1.1623893       1.1623893    
   1.1639601       1.1639601    
   1.1655309       1.1655309    
   1.1671017       1.1671017    
   1.1686724       1.1686724    
   1.1702433       1.1702433    
   1.1718141       1.1718141    
   1.1733849       1.1733849    
   1.1749557       1.1749557    
   1.1765264       1.1765264    
   1.1780972       1.1780972    
   1.1796681       1.1796681    
   1.1812389       1.1812389    
   1.1828097       1.1828097    
   1.1843804       1.1843804    
   1.1859512       1.1859512    
   1.1875221       1.1875221    
   1.1890929       1.1890929    
   1.1906637       1.1906637    
   1.1922344       1.1922344    
   1.1938052       1.1938052    
   1.1953760       1.1953760    
   1.1969469       1.1969469    
   1.1985177       1.1985177    
   1.2000884       1.2000884    
   1.2016592       1.2016592    
   1.2032300       1.2032300    
   1.2048008       1.2048008    
   1.2063715       1.2063715    
   1.2079424       1.2079424    
   1.2095132       1.2095132    
   1.2110840       1.2110840    
   1.2126548       1.2126548    
   1.2142255       1.2142255    
   1.2157964       1.2157964    
   1.2173672       1.2173672    
   1.2189380       1.2189380    
   1.2205088       1.2205088    
   1.2220795       1.2220795    
   1.2236503       1.2236503    
   1.2252212       1.2252212    
   1.2267920       1.2267920    
   1.2283628       1.2283628    
   1.2299335       1.2299335    
   1.2315043       1.2315043    
   1.2330751       1.2330751    
   1.2346460       1.2346460    
   1.2362168       1.2362168    
   1.2377875       1.2377875    
   1.2393583       1.2393583    
   1.2409291       1.2409291    
   1.2424999       1.2424999    
   1.2440708       1.2440708    
   1.2456415       1.2456415    
   1.2472123       1.2472123    
   1.2487831       1.2487831    
   1.2503539       1.2503539    
   1.2519248       1.2519248    
   1.2534955       1.2534955    
   1.2550663       1.2550663    
   1.2566371       1.2566371    
   1.2582079       1.2582079    
   1.2597787       1.2597787    
   1.2613494       1.2613494    
   1.2629203       1.2629203    
   1.2644911       1.2644911    
   1.2660619       1.2660619    
   1.2676327       1.2676327    
   1.2692034       1.2692034    
   1.2707742       1.2707742    
   1.2723451       1.2723451    
   1.2739159       1.2739159    
   1.2754866       1.2754866    
   1.2770574       1.2770574    
   1.2786282       1.2786282    
   1.2801991       1.2801991    
   1.2817699       1.2817699    
   1.2833406       1.2833406    
   1.2849114       1.2849114    
   1.2864822       1.2864822    
   1.2880530       1.2880530    
   1.2896239       1.2896239    
   1.2911946       1.2911946    
   1.2927654       1.2927654    
   1.2943362       1.2943362    
   1.2959070       1.2959070    
   1.2974778       1.2974778    
   1.2990485       1.2990485    
   1.3006194       1.3006194    
   1.3021902       1.3021902    
   1.3037610       1.3037610    
   1.3053318       1.3053318    
   1.3069025       1.3069025    
   1.3084733       1.3084733    
   1.3100442       1.3100442    
   1.3116150       1.3116150    
   1.3131858       1.3131858    
   1.3147565       1.3147565    
   1.3163273       1.3163273    
   1.3178982       1.3178982    
   1.3194690       1.3194690    
   1.3210398       1.3210398    
   1.3226105       1.3226105    
   1.3241813       1.3241813    
   1.3257521       1.3257521    
   1.3273230       1.3273230    
   1.3288938       1.3288938    
   1.3304645       1.3304645    
   1.3320353       1.3320353    
   1.3336061       1.3336061    
   1.3351769       1.3351769    
   1.3367476       1.3367476    
   1.3383185       1.3383185    
   1.3398893       1.3398893    
   1.3414601       1.3414601    
   1.3430309       1.3430309    
   1.3446016       1.3446016    
   1.3461725       1.3461725    
   1.3477433       1.3477433    
   1.3493141       1.3493141    
   1.3508849       1.3508849    
   1.3524556       1.3524556    
   1.3540264       1.3540264    
   1.3555973       1.3555973    
   1.3571681       1.3571681    
   1.3587389       1.3587389    
   1.3603096       1.3603096    
   1.3618804       1.3618804    
   1.3634512       1.3634512    
   1.3650221       1.3650221    
   1.3665929       1.3665929    
   1.3681636       1.3681636    
   1.3697344       1.3697344    
   1.3713052       1.3713052    
   1.3728760       1.3728760    
   1.3744469       1.3744469    
   1.3760176       1.3760176    
   1.3775884       1.3775884    
   1.3791592       1.3791592    
   1.3807300       1.3807300    
   1.3823009       1.3823009    
   1.3838716       1.3838716    
   1.3854424       1.3854424    
   1.3870132       1.3870132    
   1.3885840       1.3885840    
   1.3901548       1.3901548    
   1.3917255       1.3917255    
   1.3932964       1.3932964    
   1.3948672       1.3948672    
   1.3964380       1.3964380    
   1.3980087       1.3980087    
   1.3995795       1.3995795    
   1.4011503       1.4011503    
   1.4027212       1.4027212    
   1.4042920       1.4042920    
   1.4058627       1.4058627    
   1.4074335       1.4074335    
   1.4090043       1.4090043    
   1.4105752       1.4105752    
   1.4121460       1.4121460    
   1.4137167       1.4137167    
   1.4152875       1.4152875    
   1.4168583       1.4168583    
   1.4184291       1.4184291    
   1.4200000       1.4200000    
   1.4215707       1.4215707    
   1.4231415       1.4231415    
   1.4247123       1.4247123    
   1.4262831       1.4262831    
   1.4278539       1.4278539    
   1.4294246       1.4294246    
   1.4309955       1.4309955    
   1.4325663       1.4325663    
   1.4341371       1.4341371    
   1.4357079       1.4357079    
   1.4372786       1.4372786    
   1.4388494       1.4388494    
   1.4404203       1.4404203    
   1.4419911       1.4419911    
   1.4435619       1.4435619    
   1.4451326       1.4451326    
   1.4467034       1.4467034    
   1.4482743       1.4482743    
   1.4498451       1.4498451    
   1.4514159       1.4514159    
   1.4529866       1.4529866    
   1.4545574       1.4545574    
   1.4561282       1.4561282    
   1.4576991       1.4576991    
   1.4592698       1.4592698    
   1.4608406       1.4608406    
   1.4624114       1.4624114    
   1.4639822       1.4639822    
   1.4655530       1.4655530    
   1.4671237       1.4671237    
   1.4686946       1.4686946    
   1.4702654       1.4702654    
   1.4718362       1.4718362    
   1.4734070       1.4734070    
   1.4749777       1.4749777    
   1.4765486       1.4765486    
   1.4781194       1.4781194    
   1.4796902       1.4796902    
   1.4812610       1.4812610    
   1.4828317       1.4828317    
   1.4844025       1.4844025    
   1.4859734       1.4859734    
   1.4875442       1.4875442    
   1.4891150       1.4891150    
   1.4906857       1.4906857    
   1.4922565       1.4922565    
   1.4938273       1.4938273    
   1.4953982       1.4953982    
   1.4969690       1.4969690    
   1.4985397       1.4985397    
   1.5001105       1.5001105    
   1.5016813       1.5016813    
   1.5032521       1.5032521    
   1.5048230       1.5048230    
   1.5063937       1.5063937    
   1.5079645       1.5079645    
   1.5095353       1.5095353    
   1.5111061       1.5111061    
   1.5126770       1.5126770    
   1.5142477       1.5142477    
   1.5158185       1.5158185    
   1.5173893       1.5173893    
   1.5189601       1.5189601    
   1.5205308       1.5205308    
   1.5221016       1.5221016    
   1.5236725       1.5236725    
   1.5252433       1.5252433    
   1.5268141       1.5268141    
   1.5283848       1.5283848    
   1.5299556       1.5299556    
   1.5315264       1.5315264    
   1.5330973       1.5330973    
   1.5346681       1.5346681    
   1.5362388       1.5362388    
   1.5378096       1.5378096    
   1.5393804       1.5393804    
   1.5409513       1.5409513    
   1.5425221       1.5425221    
   1.5440928       1.5440928    
   1.5456636       1.5456636    
   1.5472344       1.5472344    
   1.5488052       1.5488052    
   1.5503761       1.5503761    
   1.5519468       1.5519468    
   1.5535176       1.5535176    
   1.5550884       1.5550884    
   1.5566592       1.5566592    
   1.5582300       1.5582300    
   1.5598007       1.5598007    
   1.5613716       1.5613716    
   1.5629424       1.5629424    
   1.5645132       1.5645132    
   1.5660840       1.5660840    
   1.5676547       1.5676547    
   1.5692255       1.5692255    
   1.5707964       1.5707964    
   1.5723672       1.5723672    
