   0.0000000       1.0000000    
  1.57079636E-03  0.99999875    
  3.14159272E-03  0.99999505    
  4.71238885E-03  0.99998891    
  6.28318544E-03  0.99998027    
  7.85398204E-03  0.99996918    
  9.42477770E-03  0.99995559    
  1.09955743E-02  0.99993956    
  1.25663709E-02  0.99992102    
  1.41371675E-02  0.99990004    
  1.57079641E-02  0.99987662    
  1.72787607E-02  0.99985075    
  1.88495554E-02  0.99982238    
  2.04203520E-02  0.99979150    
  2.19911486E-02  0.99975818    
  2.35619452E-02  0.99972242    
  2.51327418E-02  0.99968421    
  2.67035384E-02  0.99964350    
  2.82743350E-02  0.99960029    
  2.98451316E-02  0.99955469    
  3.14159282E-02  0.99950653    
  3.29867229E-02  0.99945599    
  3.45575213E-02  0.99940294    
  3.61283161E-02  0.99934745    
  3.76991108E-02  0.99928945    
  3.92699093E-02  0.99922901    
  4.08407040E-02  0.99916613    
  4.24115025E-02  0.99910074    
  4.39822972E-02  0.99903291    
  4.55530956E-02  0.99896264    
  4.71238904E-02  0.99888986    
  4.86946888E-02  0.99881464    
  5.02654836E-02  0.99873698    
  5.18362783E-02  0.99865681    
  5.34070767E-02  0.99857420    
  5.49778715E-02  0.99848908    
  5.65486699E-02  0.99840152    
  5.81194647E-02  0.99831152    
  5.96902631E-02  0.99821907    
  6.12610579E-02  0.99812412    
  6.28318563E-02  0.99802673    
  6.44026473E-02  0.99792689    
  6.59734458E-02  0.99782455    
  6.75442442E-02  0.99771976    
  6.91150427E-02  0.99761248    
  7.06858337E-02  0.99750280    
  7.22566321E-02  0.99739063    
  7.38274306E-02  0.99727601    
  7.53982216E-02  0.99715889    
  7.69690201E-02  0.99703932    
  7.85398185E-02  0.99691731    
  8.01106170E-02  0.99679285    
  8.16814080E-02  0.99666595    
  8.32522064E-02  0.99653655    
  8.48230049E-02  0.99640471    
  8.63938034E-02  0.99627036    
  8.79645944E-02  0.99613363    
  8.95353928E-02  0.99599439    
  9.11061913E-02  0.99585271    
  9.26769823E-02  0.99570858    
  9.42477807E-02  0.99556196    
  9.58185792E-02  0.99541289    
  9.73893777E-02  0.99526143    
  9.89601687E-02  0.99510741    
  0.10053097      0.99495101    
  0.10210177      0.99479216    
  0.10367256      0.99463081    
  0.10524336      0.99446702    
  0.10681415      0.99430078    
  0.10838495      0.99413210    
  0.10995574      0.99396098    
  0.11152654      0.99378735    
  0.11309734      0.99361134    
  0.11466813      0.99343282    
  0.11623893      0.99325186    
  0.11780973      0.99306846    
  0.11938053      0.99288261    
  0.12095132      0.99269432    
  0.12252212      0.99250352    
  0.12409291      0.99231035    
  0.12566371      0.99211472    
  0.12723450      0.99191660    
  0.12880529      0.99171609    
  0.13037610      0.99151307    
  0.13194689      0.99130762    
  0.13351770      0.99109977    
  0.13508849      0.99088943    
  0.13665928      0.99067664    
  0.13823009      0.99046141    
  0.13980088      0.99024379    
  0.14137167      0.99002367    
  0.14294247      0.98980111    
  0.14451326      0.98957610    
  0.14608406      0.98934871    
  0.14765486      0.98911881    
  0.14922565      0.98888648    
  0.15079644      0.98865175    
  0.15236725      0.98841453    
  0.15393804      0.98817492    
  0.15550885      0.98793286    
  0.15707964      0.98768836    
  0.15865043      0.98744142    
  0.16022123      0.98719203    
  0.16179202      0.98694021    
  0.16336282      0.98668593    
  0.16493362      0.98642927    
  0.16650441      0.98617011    
  0.16807520      0.98590857    
  0.16964601      0.98564458    
  0.17121680      0.98537821    
  0.17278761      0.98510933    
  0.17435840      0.98483807    
  0.17592919      0.98456436    
  0.17749999      0.98428822    
  0.17907079      0.98400962    
  0.18064158      0.98372865    
  0.18221238      0.98344523    
  0.18378317      0.98315936    
  0.18535396      0.98287106    
  0.18692477      0.98258036    
  0.18849556      0.98228723    
  0.19006635      0.98199171    
  0.19163716      0.98169374    
  0.19320795      0.98139334    
  0.19477876      0.98109049    
  0.19634955      0.98078525    
  0.19792034      0.98047763    
  0.19949114      0.98016757    
  0.20106193      0.97985506    
  0.20263273      0.97954017    
  0.20420353      0.97922283    
  0.20577432      0.97890306    
  0.20734511      0.97858089    
  0.20891592      0.97825634    
  0.21048671      0.97792935    
  0.21205752      0.97759992    
  0.21362831      0.97726810    
  0.21519910      0.97693390    
  0.21676990      0.97659725    
  0.21834069      0.97625822    
  0.21991149      0.97591674    
  0.22148229      0.97557288    
  0.22305308      0.97522664    
  0.22462387      0.97487795    
  0.22619468      0.97452688    
  0.22776547      0.97417337    
  0.22933626      0.97381753    
  0.23090707      0.97345918    
  0.23247786      0.97309852    
  0.23404866      0.97273540    
  0.23561946      0.97236991    
  0.23719025      0.97200203    
  0.23876105      0.97163171    
  0.24033184      0.97125906    
  0.24190263      0.97088397    
  0.24347344      0.97050649    
  0.24504423      0.97012657    
  0.24661502      0.96974432    
  0.24818583      0.96935964    
  0.24975662      0.96897262    
  0.25132743      0.96858317    
  0.25289822      0.96819133    
  0.25446901      0.96779710    
  0.25603980      0.96740049    
  0.25761059      0.96700150    
  0.25918141      0.96660012    
  0.26075220      0.96619636    
  0.26232299      0.96579015    
  0.26389378      0.96538162    
  0.26546457      0.96497071    
  0.26703539      0.96455741    
  0.26860619      0.96414173    
  0.27017698      0.96372366    
  0.27174777      0.96330327    
  0.27331856      0.96288043    
  0.27488935      0.96245521    
  0.27646017      0.96202767    
  0.27803096      0.96159774    
  0.27960175      0.96116543    
  0.28117254      0.96073073    
  0.28274333      0.96029371    
  0.28431416      0.95985425    
  0.28588495      0.95941246    
  0.28745574      0.95896828    
  0.28902653      0.95852178    
  0.29059732      0.95807290    
  0.29216811      0.95762163    
  0.29373893      0.95716804    
  0.29530972      0.95671207    
  0.29688051      0.95625371    
  0.29845130      0.95579302    
  0.30002210      0.95532995    
  0.30159289      0.95486456    
  0.30316371      0.95439678    
  0.30473450      0.95392662    
  0.30630529      0.95345420    
  0.30787608      0.95297933    
  0.30944687      0.95250213    
  0.31101769      0.95202261    
  0.31258848      0.95154077    
  0.31415927      0.95105654    
  0.31573007      0.95056993    
  0.31730086      0.95008099    
  0.31887165      0.94958973    
  0.32044247      0.94909614    
  0.32201326      0.94860017    
  0.32358405      0.94810188    
  0.32515484      0.94760126    
  0.32672563      0.94709831    
  0.32829645      0.94659299    
  0.32986724      0.94608533    
  0.33143803      0.94557536    
  0.33300883      0.94506305    
  0.33457962      0.94454843    
  0.33615041      0.94403148    
  0.33772123      0.94351214    
  0.33929202      0.94299054    
  0.34086281      0.94246656    
  0.34243360      0.94194031    
  0.34400439      0.94141167    
  0.34557521      0.94088078    
  0.34714600      0.94034749    
  0.34871680      0.93981194    
  0.35028759      0.93927407    
  0.35185838      0.93873388    
  0.35342917      0.93819135    
  0.35499999      0.93764651    
  0.35657078      0.93709934    
  0.35814157      0.93654990    
  0.35971236      0.93599814    
  0.36128315      0.93544406    
  0.36285397      0.93488765    
  0.36442477      0.93432891    
  0.36599556      0.93376791    
  0.36756635      0.93320465    
  0.36913714      0.93263900    
  0.37070793      0.93207109    
  0.37227875      0.93150091    
  0.37384954      0.93092841    
  0.37542033      0.93035358    
  0.37699112      0.92977649    
  0.37856191      0.92919707    
  0.38013270      0.92861539    
  0.38170353      0.92803144    
  0.38327432      0.92744517    
  0.38484511      0.92685658    
  0.38641590      0.92626578    
  0.38798669      0.92567265    
  0.38955751      0.92507720    
  0.39112830      0.92447948    
  0.39269909      0.92387950    
  0.39426988      0.92327726    
  0.39584067      0.92267275    
  0.39741147      0.92206591    
  0.39898229      0.92145681    
  0.40055308      0.92084545    
  0.40212387      0.92023182    
  0.40369466      0.91961592    
  0.40526545      0.91899776    
  0.40683627      0.91837734    
  0.40840706      0.91775459    
  0.40997785      0.91712964    
  0.41154864      0.91650242    
  0.41311944      0.91587293    
  0.41469023      0.91524118    
  0.41626105      0.91460717    
  0.41783184      0.91397089    
  0.41940263      0.91333234    
  0.42097342      0.91269159    
  0.42254421      0.91204858    
  0.42411503      0.91140324    
  0.42568582      0.91075575    
  0.42725661      0.91010594    
  0.42882740      0.90945393    
  0.43039820      0.90879971    
  0.43196899      0.90814316    
  0.43353981      0.90748441    
  0.43511060      0.90682346    
  0.43668139      0.90616018    
  0.43825218      0.90549475    
  0.43982297      0.90482706    
  0.44139376      0.90415710    
  0.44296458      0.90348494    
  0.44453537      0.90281057    
  0.44610617      0.90213394    
  0.44767696      0.90145510    
  0.44924775      0.90077406    
  0.45081857      0.90009075    
  0.45238936      0.89940524    
  0.45396015      0.89871752    
  0.45553094      0.89802760    
  0.45710173      0.89733541    
  0.45867252      0.89664102    
  0.46024334      0.89594442    
  0.46181414      0.89524567    
  0.46338493      0.89454466    
  0.46495572      0.89384145    
  0.46652651      0.89313602    
  0.46809733      0.89242834    
  0.46966812      0.89171857    
  0.47123891      0.89100653    
  0.47280970      0.89029229    
  0.47438049      0.88957590    
  0.47595128      0.88885725    
  0.47752210      0.88813645    
  0.47909290      0.88741344    
  0.48066369      0.88668823    
  0.48223448      0.88596088    
  0.48380527      0.88523132    
  0.48537609      0.88449955    
  0.48694688      0.88376564    
  0.48851767      0.88302952    
  0.49008846      0.88229120    
  0.49165925      0.88155073    
  0.49323004      0.88080812    
  0.49480087      0.88006330    
  0.49637166      0.87931633    
  0.49794245      0.87856716    
  0.49951324      0.87781584    
  0.50108403      0.87706232    
  0.50265485      0.87630665    
  0.50422561      0.87554884    
  0.50579643      0.87478888    
  0.50736725      0.87402672    
  0.50893801      0.87326247    
  0.51050884      0.87249601    
  0.51207960      0.87172741    
  0.51365042      0.87095666    
  0.51522118      0.87018377    
  0.51679200      0.86940873    
  0.51836282      0.86863148    
  0.51993358      0.86785215    
  0.52150440      0.86707067    
  0.52307516      0.86628711    
  0.52464598      0.86550134    
  0.52621680      0.86471343    
  0.52778757      0.86392343    
  0.52935839      0.86313123    
  0.53092915      0.86233699    
  0.53249997      0.86154056    
  0.53407079      0.86074203    
  0.53564155      0.85994136    
  0.53721237      0.85913855    
  0.53878313      0.85833371    
  0.54035395      0.85752666    
  0.54192472      0.85671753    
  0.54349554      0.85590625    
  0.54506636      0.85509288    
  0.54663712      0.85427743    
  0.54820794      0.85345984    
  0.54977870      0.85264015    
  0.55134952      0.85181838    
  0.55292034      0.85099447    
  0.55449110      0.85016847    
  0.55606192      0.84934038    
  0.55763268      0.84851021    
  0.55920351      0.84767795    
  0.56077433      0.84684354    
  0.56234509      0.84600711    
  0.56391591      0.84516853    
  0.56548667      0.84432793    
  0.56705749      0.84348518    
  0.56862831      0.84264040    
  0.57019907      0.84179354    
  0.57176989      0.84094459    
  0.57334065      0.84009355    
  0.57491148      0.83924043    
  0.57648224      0.83838528    
  0.57805306      0.83752805    
  0.57962388      0.83666873    
  0.58119464      0.83580738    
  0.58276546      0.83494389    
  0.58433622      0.83407843    
  0.58590704      0.83321089    
  0.58747786      0.83234125    
  0.58904862      0.83146960    
  0.59061944      0.83059591    
  0.59219021      0.82972014    
  0.59376103      0.82884234    
  0.59533185      0.82796246    
  0.59690261      0.82708055    
  0.59847343      0.82619661    
  0.60004419      0.82531065    
  0.60161501      0.82442266    
  0.60318577      0.82353258    
  0.60475659      0.82264054    
  0.60632741      0.82174641    
  0.60789818      0.82085025    
  0.60946900      0.81995207    
  0.61103976      0.81905192    
  0.61261058      0.81814969    
  0.61418140      0.81724548    
  0.61575216      0.81633925    
  0.61732298      0.81543100    
  0.61889374      0.81452072    
  0.62046456      0.81360847    
  0.62203538      0.81269413    
  0.62360615      0.81177789    
  0.62517697      0.81085956    
  0.62674773      0.80993927    
  0.62831855      0.80901700    
  0.62988937      0.80809265    
  0.63146013      0.80716640    
  0.63303095      0.80623811    
  0.63460171      0.80530787    
  0.63617253      0.80437565    
  0.63774329      0.80344141    
  0.63931412      0.80250520    
  0.64088494      0.80156696    
  0.64245570      0.80062681    
  0.64402652      0.79968464    
  0.64559728      0.79874057    
  0.64716810      0.79779446    
  0.64873892      0.79684633    
  0.65030968      0.79589635    
  0.65188050      0.79494435    
  0.65345126      0.79399043    
  0.65502208      0.79303449    
  0.65659291      0.79207659    
  0.65816367      0.79111677    
  0.65973449      0.79015499    
  0.66130525      0.78919131    
  0.66287607      0.78822559    
  0.66444689      0.78725797    
  0.66601765      0.78628844    
  0.66758847      0.78531688    
  0.66915923      0.78434348    
  0.67073005      0.78336811    
  0.67230082      0.78239083    
  0.67387164      0.78141159    
  0.67544246      0.78043038    
  0.67701322      0.77944732    
  0.67858404      0.77846229    
  0.68015480      0.77747536    
  0.68172562      0.77648652    
  0.68329644      0.77549571    
  0.68486720      0.77450305    
  0.68643802      0.77350843    
  0.68800879      0.77251196    
  0.68957961      0.77151352    
  0.69115043      0.77051324    
  0.69272119      0.76951104    
  0.69429201      0.76850688    
  0.69586277      0.76750094    
  0.69743359      0.76649302    
  0.69900435      0.76548320    
  0.70057517      0.76447153    
  0.70214599      0.76345795    
  0.70371675      0.76244253    
  0.70528758      0.76142514    
  0.70685834      0.76040596    
  0.70842916      0.75938487    
  0.70999998      0.75836188    
  0.71157074      0.75733709    
  0.71314156      0.75631034    
  0.71471232      0.75528181    
  0.71628314      0.75425136    
  0.71785396      0.75321907    
  0.71942472      0.75218493    
  0.72099555      0.75114888    
  0.72256631      0.75011104    
  0.72413713      0.74907136    
  0.72570795      0.74802977    
  0.72727871      0.74698639    
  0.72884953      0.74594110    
  0.73042029      0.74489403    
  0.73199111      0.74384511    
  0.73356187      0.74279439    
  0.73513269      0.74174178    
  0.73670352      0.74068731    
  0.73827428      0.73963112    
  0.73984510      0.73857301    
  0.74141586      0.73751312    
  0.74298668      0.73645139    
  0.74455750      0.73538786    
  0.74612826      0.73432249    
  0.74769908      0.73325533    
  0.74926984      0.73218638    
  0.75084066      0.73111558    
  0.75241148      0.73004299    
  0.75398225      0.72896862    
  0.75555307      0.72789240    
  0.75712383      0.72681445    
  0.75869465      0.72573465    
  0.76026541      0.72465312    
  0.76183623      0.72356975    
  0.76340705      0.72248459    
  0.76497781      0.72139770    
  0.76654863      0.72030902    
  0.76811939      0.71921855    
  0.76969022      0.71812630    
  0.77126104      0.71703225    
  0.77283180      0.71593648    
  0.77440262      0.71483892    
  0.77597338      0.71373963    
  0.77754420      0.71263850    
  0.77911502      0.71153563    
  0.78068578      0.71043110    
  0.78225660      0.70932472    
  0.78382736      0.70821661    
  0.78539819      0.70710677    
  0.78696901      0.70599514    
  0.78853977      0.70488185    
  0.79011059      0.70376676    
  0.79168135      0.70264995    
  0.79325217      0.70153141    
  0.79482293      0.70041114    
  0.79639375      0.69928914    
  0.79796457      0.69816542    
  0.79953533      0.69703996    
  0.80110615      0.69591278    
  0.80267692      0.69478393    
  0.80424774      0.69365329    
  0.80581856      0.69252098    
  0.80738932      0.69138694    
  0.80896014      0.69025123    
  0.81053090      0.68911380    
  0.81210172      0.68797463    
  0.81367254      0.68683380    
  0.81524330      0.68569130    
  0.81681412      0.68454707    
  0.81838489      0.68340123    
  0.81995571      0.68225360    
  0.82152647      0.68110436    
  0.82309729      0.67995340    
  0.82466811      0.67880070    
  0.82623887      0.67764646    
  0.82780969      0.67649043    
  0.82938045      0.67533278    
  0.83095127      0.67417347    
  0.83252209      0.67301250    
  0.83409286      0.67184985    
  0.83566368      0.67068553    
  0.83723444      0.66951960    
  0.83880526      0.66835201    
  0.84037608      0.66718274    
  0.84194684      0.66601187    
  0.84351766      0.66483933    
  0.84508842      0.66366512    
  0.84665924      0.66248930    
  0.84823006      0.66131181    
  0.84980083      0.66013277    
  0.85137165      0.65895206    
  0.85294241      0.65776974    
  0.85451323      0.65658575    
  0.85608399      0.65540016    
  0.85765481      0.65421295    
  0.85922563      0.65302414    
  0.86079639      0.65183371    
  0.86236721      0.65064168    
  0.86393797      0.64944804    
  0.86550879      0.64825279    
  0.86707962      0.64705592    
  0.86865038      0.64585751    
  0.87022120      0.64465749    
  0.87179196      0.64345586    
  0.87336278      0.64225262    
  0.87493360      0.64104784    
  0.87650436      0.63984150    
  0.87807518      0.63863349    
  0.87964594      0.63742399    
  0.88121676      0.63621289    
  0.88278753      0.63500023    
  0.88435835      0.63378596    
  0.88592917      0.63257015    
  0.88749993      0.63135278    
  0.88907075      0.63013387    
  0.89064151      0.62891340    
  0.89221233      0.62769133    
  0.89378315      0.62646776    
  0.89535391      0.62524265    
  0.89692473      0.62401599    
  0.89849550      0.62278777    
  0.90006632      0.62155801    
  0.90163714      0.62032670    
  0.90320790      0.61909395    
  0.90477872      0.61785960    
  0.90634948      0.61662376    
  0.90792030      0.61538637    
  0.90949112      0.61414742    
  0.91106188      0.61290705    
  0.91263270      0.61166507    
  0.91420346      0.61042166    
  0.91577429      0.60917670    
  0.91734505      0.60793030    
  0.91891587      0.60668236    
  0.92048669      0.60543287    
  0.92205745      0.60418195    
  0.92362827      0.60292953    
  0.92519903      0.60167563    
  0.92676985      0.60042024    
  0.92834067      0.59916329    
  0.92991143      0.59790498    
  0.93148226      0.59664512    
  0.93305302      0.59538382    
  0.93462384      0.59412104    
  0.93619466      0.59285676    
  0.93776542      0.59159112    
  0.93933624      0.59032393    
  0.94090700      0.58905530    
  0.94247782      0.58778524    
  0.94404858      0.58651376    
  0.94561940      0.58524072    
  0.94719023      0.58396631    
  0.94876099      0.58269048    
  0.95033181      0.58141315    
  0.95190257      0.58013445    
  0.95347339      0.57885426    
  0.95504421      0.57757264    
  0.95661497      0.57628965    
  0.95818579      0.57500523    
  0.95975655      0.57371938    
  0.96132737      0.57243210    
  0.96289819      0.57114339    
  0.96446896      0.56985337    
  0.96603978      0.56856179    
  0.96761054      0.56726897    
  0.96918136      0.56597465    
  0.97075218      0.56467891    
  0.97232294      0.56338185    
  0.97389376      0.56208336    
  0.97546452      0.56078351    
  0.97703534      0.55948222    
  0.97860610      0.55817962    
  0.98017693      0.55687559    
  0.98174775      0.55557019    
  0.98331851      0.55426347    
  0.98488933      0.55295533    
  0.98646009      0.55164587    
  0.98803091      0.55033499    
  0.98960173      0.54902279    
  0.99117249      0.54770923    
  0.99274331      0.54639429    
  0.99431407      0.54507810    
  0.99588490      0.54376048    
  0.99745572      0.54244149    
  0.99902648      0.54112124    
   1.0005972      0.53979963    
   1.0021681      0.53847671    
   1.0037389      0.53715235    
   1.0053097      0.53582674    
   1.0068805      0.53449982    
   1.0084512      0.53317165    
   1.0100220      0.53184205    
   1.0115929      0.53051114    
   1.0131637      0.52917898    
   1.0147345      0.52784544    
   1.0163052      0.52651072    
   1.0178760      0.52517462    
   1.0194468      0.52383721    
   1.0210177      0.52249849    
   1.0225884      0.52115864    
   1.0241592      0.51981735    
   1.0257300      0.51847482    
   1.0273008      0.51713097    
   1.0288717      0.51578587    
   1.0304424      0.51443958    
   1.0320132      0.51309192    
   1.0335840      0.51174301    
   1.0351548      0.51039279    
   1.0367256      0.50904137    
   1.0382963      0.50768876    
   1.0398672      0.50633484    
   1.0414380      0.50497961    
   1.0430088      0.50362319    
   1.0445796      0.50226545    
   1.0461503      0.50090665    
   1.0477211      0.49954650    
   1.0492920      0.49818510    
   1.0508628      0.49682245    
   1.0524336      0.49545860    
   1.0540043      0.49409363    
   1.0555751      0.49272734    
   1.0571460      0.49135983    
   1.0587168      0.48999110    
   1.0602876      0.48862118    
   1.0618583      0.48725015    
   1.0634291      0.48587781    
   1.0649999      0.48450425    
   1.0665708      0.48312953    
   1.0681416      0.48175362    
   1.0697123      0.48037660    
   1.0712831      0.47899830    
   1.0728539      0.47761881    
   1.0744247      0.47623816    
   1.0759956      0.47485632    
   1.0775663      0.47347343    
   1.0791371      0.47208923    
   1.0807079      0.47070390    
   1.0822787      0.46931741    
   1.0838494      0.46792984    
   1.0854203      0.46654102    
   1.0869911      0.46515107    
   1.0885619      0.46375996    
   1.0901327      0.46236768    
   1.0917034      0.46097440    
   1.0932742      0.45957986    
   1.0948451      0.45818421    
   1.0964159      0.45678741    
   1.0979867      0.45538947    
   1.0995574      0.45399052    
   1.1011282      0.45259035    
   1.1026990      0.45118907    
   1.1042699      0.44978666    
   1.1058407      0.44838315    
   1.1074114      0.44697866    
   1.1089822      0.44557291    
   1.1105530      0.44416609    
   1.1121238      0.44275820    
   1.1136947      0.44134918    
   1.1152654      0.43993920    
   1.1168362      0.43852800    
   1.1184070      0.43711573    
   1.1199778      0.43570241    
   1.1215487      0.43428800    
   1.1231194      0.43287259    
   1.1246902      0.43145603    
   1.1262610      0.43003842    
   1.1278318      0.42861974    
   1.1294026      0.42719999    
   1.1309733      0.42577931    
   1.1325442      0.42435747    
   1.1341150      0.42293456    
   1.1356858      0.42151064    
   1.1372566      0.42008567    
   1.1388273      0.41865975    
   1.1403981      0.41723269    
   1.1419690      0.41580462    
   1.1435398      0.41437551    
   1.1451105      0.41294551    
   1.1466813      0.41151437    
   1.1482521      0.41008222    
   1.1498230      0.40864903    
   1.1513938      0.40721485    
   1.1529645      0.40577978    
   1.1545353      0.40434361    
   1.1561061      0.40290642    
   1.1576769      0.40146825    
   1.1592478      0.40002906    
   1.1608185      0.39858904    
   1.1623893      0.39714789    
   1.1639601      0.39570579    
   1.1655309      0.39426267    
   1.1671017      0.39281863    
   1.1686724      0.39137369    
   1.1702433      0.38992769    
   1.1718141      0.38848072    
   1.1733849      0.38703281    
   1.1749557      0.38558394    
   1.1765264      0.38413420    
   1.1780972      0.38268343    
   1.1796681      0.38123170    
   1.1812389      0.37977904    
   1.1828097      0.37832546    
   1.1843804      0.37687102    
   1.1859512      0.37541556    
   1.1875221      0.37395918    
   1.1890929      0.37250188    
   1.1906637      0.37104362    
   1.1922344      0.36958459    
   1.1938052      0.36812454    
   1.1953760      0.36666358    
   1.1969469      0.36520171    
   1.1985177      0.36373892    
   1.2000884      0.36227539    
   1.2016592      0.36081082    
   1.2032300      0.35934535    
   1.2048008      0.35787901    
   1.2063715      0.35641190    
   1.2079424      0.35494381    
   1.2095132      0.35347483    
   1.2110840      0.35200498    
   1.2126548      0.35053426    
   1.2142255      0.34906280    
   1.2157964      0.34759033    
   1.2173672      0.34611705    
   1.2189380      0.34464288    
   1.2205088      0.34316787    
   1.2220795      0.34169212    
   1.2236503      0.34021544    
   1.2252212      0.33873791    
   1.2267920      0.33725953    
   1.2283628      0.33578032    
   1.2299335      0.33430040    
   1.2315043      0.33281955    
   1.2330751      0.33133787    
   1.2346460      0.32985538    
   1.2362168      0.32837206    
   1.2377875      0.32688805    
   1.2393583      0.32540312    
   1.2409291      0.32391739    
   1.2424999      0.32243085    
   1.2440708      0.32094353    
   1.2456415      0.31945553    
   1.2472123      0.31796664    
   1.2487831      0.31647694    
   1.2503539      0.31498647    
   1.2519248      0.31349522    
   1.2534955      0.31200331    
   1.2550663      0.31051052    
   1.2566371      0.30901697    
   1.2582079      0.30752265    
   1.2597787      0.30602756    
   1.2613494      0.30453184    
   1.2629203      0.30303526    
   1.2644911      0.30153793    
   1.2660619      0.30003986    
   1.2676327      0.29854104    
   1.2692034      0.29704159    
   1.2707742      0.29554132    
   1.2723451      0.29404029    
   1.2739159      0.29253855    
   1.2754866      0.29103619    
   1.2770574      0.28953302    
   1.2786282      0.28802910    
   1.2801991      0.28652450    
   1.2817699      0.28501919    
   1.2833406      0.28351331    
   1.2849114      0.28200659    
   1.2864822      0.28049916    
   1.2880530      0.27899107    
   1.2896239      0.27748227    
   1.2911946      0.27597290    
   1.2927654      0.27446276    
   1.2943362      0.27295190    
   1.2959070      0.27144039    
   1.2974778      0.26992822    
   1.2990485      0.26841548    
   1.3006194      0.26690197    
   1.3021902      0.26538783    
   1.3037610      0.26387301    
   1.3053318      0.26235753    
   1.3069025      0.26084152    
   1.3084733      0.25932476    
   1.3100442      0.25780734    
   1.3116150      0.25628930    
   1.3131858      0.25477064    
   1.3147565      0.25325146    
   1.3163273      0.25173154    
   1.3178982      0.25021100    
   1.3194690      0.24868983    
   1.3210398      0.24716805    
   1.3226105      0.24564578    
   1.3241813      0.24412279    
   1.3257521      0.24259919    
   1.3273230      0.24107499    
   1.3288938      0.23955020    
   1.3304645      0.23802495    
   1.3320353      0.23649898    
   1.3336061      0.23497243    
   1.3351769      0.23344530    
   1.3367476      0.23191771    
   1.3383185      0.23038943    
   1.3398893      0.22886059    
   1.3414601      0.22733118    
   1.3430309      0.22580120    
   1.3446016      0.22427079    
   1.3461725      0.22273970    
   1.3477433      0.22120807    
   1.3493141      0.21967588    
   1.3508849      0.21814317    
   1.3524556      0.21661003    
   1.3540264      0.21507624    
   1.3555973      0.21354191    
   1.3571681      0.21200706    
   1.3587389      0.21047169    
   1.3603096      0.20893590    
   1.3618804      0.20739950    
   1.3634512      0.20586258    
   1.3650221      0.20432515    
   1.3665929      0.20278722    
   1.3681636      0.20124890    
   1.3697344      0.19970997    
   1.3713052      0.19817054    
   1.3728760      0.19663064    
   1.3744469      0.19509023    
   1.3760176      0.19354948    
   1.3775884      0.19200812    
   1.3791592      0.19046630    
   1.3807300      0.18892400    
   1.3823009      0.18738122    
   1.3838716      0.18583812    
   1.3854424      0.18429443    
   1.3870132      0.18275028    
   1.3885840      0.18120570    
   1.3901548      0.17966066    
   1.3917255      0.17811529    
   1.3932964      0.17656937    
   1.3948672      0.17502302    
   1.3964380      0.17347622    
   1.3980087      0.17192912    
   1.3995795      0.17038149    
   1.4011503      0.16883342    
   1.4027212      0.16728495    
   1.4042920      0.16573605    
   1.4058627      0.16418687    
   1.4074335      0.16263716    
   1.4090043      0.16108705    
   1.4105752      0.15953656    
   1.4121460      0.15798566    
   1.4137167      0.15643449    
   1.4152875      0.15488282    
   1.4168583      0.15333076    
   1.4184291      0.15177833    
   1.4200000      0.15022551    
   1.4215707      0.14867245    
   1.4231415      0.14711891    
   1.4247123      0.14556499    
   1.4262831      0.14401072    
   1.4278539      0.14245610    
   1.4294246      0.14090125    
   1.4309955      0.13934593    
   1.4325663      0.13779026    
   1.4341371      0.13623425    
   1.4357079      0.13467790    
   1.4372786      0.13312136    
   1.4388494      0.13156435    
   1.4404203      0.13000701    
   1.4419911      0.12844937    
   1.4435619      0.12689140    
   1.4451326      0.12533323    
   1.4467034      0.12377466    
   1.4482743      0.12221576    
   1.4498451      0.12065656    
   1.4514159      0.11909707    
   1.4529866      0.11753740    
   1.4545574      0.11597732    
   1.4561282      0.11441696    
   1.4576991      0.11285631    
   1.4592698      0.11129551    
   1.4608406      0.10973431    
   1.4624114      0.10817284    
   1.4639822      0.10661111    
   1.4655530      0.10504911    
   1.4671237      0.10348697    
   1.4686946      0.10192446    
   1.4702654      0.10036169    
   1.4718362      9.87986773E-02
   1.4734070      9.72354189E-02
   1.4749777      9.56720412E-02
   1.4765486      9.41083059E-02
   1.4781194      9.25443396E-02
   1.4796902      9.09801498E-02
   1.4812610      8.94157290E-02
   1.4828317      8.78512114E-02
   1.4844025      8.62863585E-02
   1.4859734      8.47212896E-02
   1.4875442      8.31560120E-02
   1.4891150      8.15905333E-02
   1.4906857      8.00249651E-02
   1.4922565      7.84590840E-02
   1.4938273      7.68930092E-02
   1.4953982      7.53267482E-02
   1.4969690      7.37602934E-02
   1.4985397      7.21937791E-02
   1.5001105      7.06269741E-02
   1.5016813      6.90599829E-02
   1.5032521      6.74928278E-02
   1.5048230      6.59255087E-02
   1.5063937      6.43581450E-02
   1.5079645      6.27904981E-02
   1.5095353      6.12227023E-02
   1.5111061      5.96547537E-02
   1.5126770      5.80866598E-02
   1.5142477      5.65185361E-02
   1.5158185      5.49501590E-02
   1.5173893      5.33816442E-02
   1.5189601      5.18129990E-02
   1.5205308      5.02443425E-02
   1.5221016      4.86754440E-02
   1.5236725      4.71064262E-02
   1.5252433      4.55372930E-02
   1.5268141      4.39680442E-02
   1.5283848      4.23988104E-02
   1.5299556      4.08293493E-02
   1.5315264      3.92597876E-02
   1.5330973      3.76901291E-02
   1.5346681      3.61203812E-02
   1.5362388      3.45506594E-02
   1.5378096      3.29807363E-02
   1.5393804      3.14107276E-02
   1.5409513      2.98406444E-02
   1.5425221      2.82704867E-02
   1.5440928      2.67003793E-02
   1.5456636      2.51300856E-02
   1.5472344      2.35597305E-02
   1.5488052      2.19893176E-02
   1.5503761      2.04188507E-02
   1.5519468      1.88484509E-02
   1.5535176      1.72778871E-02
   1.5550884      1.57072805E-02
   1.5566592      1.41366338E-02
   1.5582300      1.25659537E-02
   1.5598007      1.09953610E-02
   1.5613716      9.42462217E-03
   1.5629424      7.85386004E-03
   1.5645132      6.28307881E-03
   1.5660840      4.71228221E-03
   1.5676547      3.14159272E-03
   1.5692255      1.57077645E-03
   1.5707964     -4.37113883E-08
   1.5723672     -1.57086388E-03
