  1.00000005E-03 -0.99899983     -0.99899948    
  2.00000009E-03 -0.99799865     -0.99799800    
  3.00000003E-03 -0.99699652     -0.99699551    
  4.00000019E-03 -0.99599338     -0.99599206    
  5.00000035E-03 -0.99498922     -0.99498761    
  6.00000052E-03 -0.99398410     -0.99398214    
  7.00000022E-03 -0.99297804     -0.99297571    
  8.00000038E-03 -0.99197096     -0.99196833    
  9.00000054E-03 -0.99096292     -0.99096000    
  1.00000007E-02 -0.98995394     -0.98995066    
  1.10000009E-02 -0.98894399     -0.98894036    
  1.20000010E-02 -0.98793310     -0.98792917    
  1.30000003E-02 -0.98692125     -0.98691696    
  1.40000004E-02 -0.98590845     -0.98590386    
  1.50000006E-02 -0.98489469     -0.98488975    
  1.60000008E-02 -0.98387998     -0.98387474    
  1.70000009E-02 -0.98286432     -0.98285878    
  1.80000011E-02 -0.98184776     -0.98184186    
  1.90000013E-02 -0.98083025     -0.98082405    
  2.00000014E-02 -0.97981185     -0.97980535    
  2.10000016E-02 -0.97879249     -0.97878569    
  2.20000017E-02 -0.97777224     -0.97776508    
  2.30000019E-02 -0.97675103     -0.97674364    
  2.40000021E-02 -0.97572893     -0.97572124    
  2.50000004E-02 -0.97470593     -0.97469795    
  2.60000005E-02 -0.97368205     -0.97367376    
  2.70000007E-02 -0.97265726     -0.97264862    
  2.80000009E-02 -0.97163159     -0.97162265    
  2.90000010E-02 -0.97060502     -0.97059578    
  3.00000012E-02 -0.96957755     -0.96956801    
  3.10000014E-02 -0.96854919     -0.96853942    
  3.20000015E-02 -0.96752000     -0.96750987    
  3.29999998E-02 -0.96648991     -0.96647948    
  3.39999981E-02 -0.96545893     -0.96544826    
  3.50000001E-02 -0.96442711     -0.96441615    
  3.59999985E-02 -0.96339440     -0.96338314    
  3.70000005E-02 -0.96236086     -0.96234936    
  3.79999988E-02 -0.96132648     -0.96131468    
  3.90000008E-02 -0.96029121     -0.96027911    
  3.99999991E-02 -0.95925510     -0.95924276    
  4.10000011E-02 -0.95821816     -0.95820552    
  4.19999994E-02 -0.95718038     -0.95716751    
  4.30000015E-02 -0.95614177     -0.95612860    
  4.39999998E-02 -0.95510232     -0.95508891    
  4.50000018E-02 -0.95406204     -0.95404840    
  4.60000001E-02 -0.95302099     -0.95300704    
  4.70000021E-02 -0.95197910     -0.95196486    
  4.80000004E-02 -0.95093638     -0.95092189    
  4.89999987E-02 -0.94989288     -0.94987816    
  5.00000007E-02 -0.94884855     -0.94883353    
  5.09999990E-02 -0.94780344     -0.94778818    
  5.20000011E-02 -0.94675750     -0.94674200    
  5.29999994E-02 -0.94571078     -0.94569504    
  5.40000014E-02 -0.94466329     -0.94464725    
  5.49999997E-02 -0.94361502     -0.94359875    
  5.60000017E-02 -0.94256598     -0.94254941    
  5.70000000E-02 -0.94151616     -0.94149929    
  5.80000021E-02 -0.94046557     -0.94044846    
  5.90000004E-02 -0.93941420     -0.93939686    
  6.00000024E-02 -0.93836206     -0.93834442    
  6.10000007E-02 -0.93730915     -0.93729126    
  6.20000027E-02 -0.93625551     -0.93623739    
  6.30000010E-02 -0.93520111     -0.93518269    
  6.40000030E-02 -0.93414593     -0.93412733    
  6.50000051E-02 -0.93309003     -0.93307114    
  6.60000071E-02 -0.93203342     -0.93201429    
  6.70000017E-02 -0.93097603     -0.93095666    
  6.80000037E-02 -0.92991793     -0.92989832    
  6.90000057E-02 -0.92885911     -0.92883927    
  7.00000077E-02 -0.92779958     -0.92777944    
  7.10000023E-02 -0.92673928     -0.92671895    
  7.20000044E-02 -0.92567825     -0.92565769    
  7.30000064E-02 -0.92461658     -0.92459577    
  7.40000084E-02 -0.92355418     -0.92353308    
  7.50000030E-02 -0.92249107     -0.92246974    
  7.60000050E-02 -0.92142725     -0.92140567    
  7.70000070E-02 -0.92036271     -0.92034096    
  7.80000091E-02 -0.91929752     -0.91927552    
  7.90000036E-02 -0.91823161     -0.91820943    
  8.00000057E-02 -0.91716504     -0.91714263    
  8.10000077E-02 -0.91609776     -0.91607511    
  8.20000023E-02 -0.91502982     -0.91500700    
  8.30000043E-02 -0.91396123     -0.91393816    
  8.40000063E-02 -0.91289198     -0.91286868    
  8.50000083E-02 -0.91182202     -0.91179848    
  8.60000029E-02 -0.91075140     -0.91072768    
  8.70000049E-02 -0.90968013     -0.90965623    
  8.80000070E-02 -0.90860820     -0.90858412    
  8.90000090E-02 -0.90753567     -0.90751135    
  9.00000036E-02 -0.90646249     -0.90643793    
  9.10000056E-02 -0.90538865     -0.90536392    
  9.20000076E-02 -0.90431416     -0.90428925    
  9.30000097E-02 -0.90323907     -0.90321392    
  9.40000042E-02 -0.90216333     -0.90213799    
  9.50000063E-02 -0.90108699     -0.90106142    
  9.60000083E-02 -0.90000999     -0.89998424    
  9.70000029E-02 -0.89893240     -0.89890647    
  9.80000049E-02 -0.89785421     -0.89782810    
  9.90000069E-02 -0.89677542     -0.89674908    
  0.10000001     -0.89569604     -0.89566946    
  0.10100000     -0.89461607     -0.89458930    
  0.10200001     -0.89353549     -0.89350849    
  0.10300001     -0.89245433     -0.89242715    
  0.10400001     -0.89137256     -0.89134514    
  0.10500000     -0.89029020     -0.89026260    
  0.10600001     -0.88920724     -0.88917947    
  0.10700001     -0.88812375     -0.88809580    
  0.10800001     -0.88703966     -0.88701153    
  0.10900000     -0.88595504     -0.88592666    
  0.11000001     -0.88486981     -0.88484126    
  0.11100001     -0.88378406     -0.88375533    
  0.11200001     -0.88269770     -0.88266879    
  0.11300001     -0.88161081     -0.88158178    
  0.11400001     -0.88052338     -0.88049418    
  0.11500001     -0.87943542     -0.87940603    
  0.11600000     -0.87834692     -0.87831736    
  0.11700001     -0.87725788     -0.87722814    
  0.11800001     -0.87616831     -0.87613839    
  0.11900001     -0.87507820     -0.87504810    
  0.12000000     -0.87398756     -0.87395734    
  0.12100001     -0.87289643     -0.87286603    
  0.12200001     -0.87180477     -0.87177420    
  0.12300001     -0.87071264     -0.87068182    
  0.12400001     -0.86961997     -0.86958903    
  0.12500000     -0.86852682     -0.86849570    
  0.12600000     -0.86743313     -0.86740184    
  0.12700000     -0.86633897     -0.86630750    
  0.12800001     -0.86524433     -0.86521268    
  0.12900001     -0.86414915     -0.86411738    
  0.13000001     -0.86305350     -0.86302161    
  0.13100001     -0.86195737     -0.86192536    
  0.13200001     -0.86086076     -0.86082858    
  0.13300000     -0.85976374     -0.85973144    
  0.13400000     -0.85866624     -0.85863376    
  0.13500001     -0.85756826     -0.85753560    
  0.13600001     -0.85646981     -0.85643703    
  0.13700001     -0.85537094     -0.85533798    
  0.13800001     -0.85427159     -0.85423845    
  0.13900001     -0.85317183     -0.85313851    
  0.14000002     -0.85207158     -0.85203815    
  0.14100000     -0.85097092     -0.85093737    
  0.14200000     -0.84986979     -0.84983611    
  0.14300001     -0.84876823     -0.84873444    
  0.14400001     -0.84766626     -0.84763229    
  0.14500001     -0.84656388     -0.84652978    
  0.14600001     -0.84546107     -0.84542686    
  0.14700001     -0.84435785     -0.84432346    
  0.14800000     -0.84325421     -0.84321970    
  0.14900000     -0.84215015     -0.84211558    
  0.15000001     -0.84104568     -0.84101099    
  0.15100001     -0.83994085     -0.83990598    
  0.15200001     -0.83883560     -0.83880061    
  0.15300001     -0.83772999     -0.83769488    
  0.15400001     -0.83662397     -0.83658874    
  0.15500002     -0.83551759     -0.83548218    
  0.15600000     -0.83441079     -0.83437532    
  0.15700001     -0.83330363     -0.83326805    
  0.15800001     -0.83219612     -0.83216035    
  0.15900001     -0.83108824     -0.83105236    
  0.16000001     -0.82997996     -0.82994401    
  0.16100001     -0.82887131     -0.82883525    
  0.16200002     -0.82776231     -0.82772619    
  0.16300000     -0.82665300     -0.82661676    
  0.16400000     -0.82554334     -0.82550693    
  0.16500001     -0.82443333     -0.82439685    
  0.16600001     -0.82332295     -0.82328635    
  0.16700001     -0.82221228     -0.82217556    
  0.16800001     -0.82110125     -0.82106441    
  0.16900001     -0.81998992     -0.81995296    
  0.17000002     -0.81887823     -0.81884122    
  0.17100000     -0.81776625     -0.81772912    
  0.17200001     -0.81665391     -0.81661671    
  0.17300001     -0.81554127     -0.81550395    
  0.17400001     -0.81442833     -0.81439096    
  0.17500001     -0.81331509     -0.81327760    
  0.17600001     -0.81220156     -0.81216401    
  0.17700002     -0.81108773     -0.81105006    
  0.17800000     -0.80997360     -0.80993587    
  0.17900001     -0.80885917     -0.80882132    
  0.18000001     -0.80774444     -0.80770659    
  0.18100001     -0.80662948     -0.80659151    
  0.18200001     -0.80551422     -0.80547619    
  0.18300001     -0.80439872     -0.80436051    
  0.18400002     -0.80328292     -0.80324465    
  0.18500002     -0.80216688     -0.80212849    
  0.18600000     -0.80105054     -0.80101210    
  0.18700001     -0.79993397     -0.79989547    
  0.18800001     -0.79881716     -0.79877853    
  0.18900001     -0.79770005     -0.79766136    
  0.19000001     -0.79658270     -0.79654396    
  0.19100001     -0.79546511     -0.79542631    
  0.19200002     -0.79434729     -0.79430848    
  0.19300000     -0.79322922     -0.79319036    
  0.19400001     -0.79211098     -0.79207200    
  0.19500001     -0.79099250     -0.79095346    
  0.19600001     -0.78987378     -0.78983468    
  0.19700001     -0.78875482     -0.78871566    
  0.19800001     -0.78763568     -0.78759646    
  0.19900002     -0.78651631     -0.78647703    
  0.20000002     -0.78539675     -0.78535742    
  0.20100001     -0.78427696     -0.78423756    
  0.20200001     -0.78315699     -0.78311753    
  0.20300001     -0.78203684     -0.78199732    
  0.20400001     -0.78091651     -0.78087687    
  0.20500001     -0.77979594     -0.77975631    
  0.20600002     -0.77867520     -0.77863550    
  0.20700002     -0.77755427     -0.77751458    
  0.20800002     -0.77643317     -0.77639347    
  0.20900001     -0.77531195     -0.77527213    
  0.21000001     -0.77419055     -0.77415067    
  0.21100001     -0.77306896     -0.77302903    
  0.21200001     -0.77194721     -0.77190727    
  0.21300001     -0.77082533     -0.77078533    
  0.21400002     -0.76970327     -0.76966321    
  0.21500002     -0.76858109     -0.76854098    
  0.21600001     -0.76745874     -0.76741862    
  0.21700001     -0.76633626     -0.76629609    
  0.21800001     -0.76521367     -0.76517344    
  0.21900001     -0.76409090     -0.76405060    
  0.22000001     -0.76296800     -0.76292771    
  0.22100002     -0.76184499     -0.76180464    
  0.22200002     -0.76072186     -0.76068151    
  0.22300002     -0.75959861     -0.75955820    
  0.22400001     -0.75847524     -0.75843483    
  0.22500001     -0.75735176     -0.75731134    
  0.22600001     -0.75622815     -0.75618774    
  0.22700001     -0.75510448     -0.75506401    
  0.22800002     -0.75398070     -0.75394022    
  0.22900002     -0.75285679     -0.75281632    
  0.23000002     -0.75173283     -0.75169230    
  0.23100001     -0.75060880     -0.75056827    
  0.23200001     -0.74948466     -0.74944413    
  0.23300001     -0.74836046     -0.74831986    
  0.23400001     -0.74723619     -0.74719554    
  0.23500001     -0.74611181     -0.74607116    
  0.23600002     -0.74498737     -0.74494672    
  0.23700002     -0.74386287     -0.74382222    
  0.23800002     -0.74273831     -0.74269766    
  0.23900001     -0.74161369     -0.74157304    
  0.24000001     -0.74048901     -0.74044836    
  0.24100001     -0.73936427     -0.73932368    
  0.24200001     -0.73823953     -0.73819888    
  0.24300002     -0.73711473     -0.73707408    
  0.24400002     -0.73598987     -0.73594922    
  0.24500002     -0.73486501     -0.73482436    
  0.24600001     -0.73374009     -0.73369944    
  0.24700001     -0.73261517     -0.73257452    
  0.24800001     -0.73149019     -0.73144960    
  0.24900001     -0.73036522     -0.73032463    
  0.25000000     -0.72924024     -0.72919965    
  0.25099999     -0.72811526     -0.72807467    
  0.25200000     -0.72699028     -0.72694963    
  0.25299999     -0.72586524     -0.72582471    
  0.25400001     -0.72474021     -0.72469968    
  0.25500000     -0.72361523     -0.72357470    
  0.25600001     -0.72249025     -0.72244966    
  0.25700000     -0.72136527     -0.72132474    
  0.25799999     -0.72024029     -0.72019976    
  0.25900000     -0.71911532     -0.71907485    
  0.25999999     -0.71799040     -0.71794993    
  0.26100001     -0.71686548     -0.71682501    
  0.26199999     -0.71574062     -0.71570015    
  0.26300001     -0.71461576     -0.71457535    
  0.26400000     -0.71349096     -0.71345055    
  0.26499999     -0.71236622     -0.71232587    
  0.26600000     -0.71124148     -0.71120113    
  0.26699999     -0.71011680     -0.71007651    
  0.26800001     -0.70899218     -0.70895189    
  0.26899999     -0.70786762     -0.70782739    
  0.27000001     -0.70674312     -0.70670289    
  0.27100000     -0.70561868     -0.70557851    
  0.27200001     -0.70449430     -0.70445412    
  0.27300000     -0.70336998     -0.70332986    
  0.27399999     -0.70224577     -0.70220572    
  0.27500001     -0.70112163     -0.70108157    
  0.27599999     -0.69999754     -0.69995755    
  0.27700001     -0.69887358     -0.69883358    
  0.27800000     -0.69774967     -0.69770974    
  0.27900001     -0.69662589     -0.69658601    
  0.28000000     -0.69550216     -0.69546235    
  0.28099999     -0.69437855     -0.69433880    
  0.28200001     -0.69325507     -0.69321531    
  0.28299999     -0.69213170     -0.69209200    
  0.28400001     -0.69100839     -0.69096875    
  0.28500000     -0.68988520     -0.68984562    
  0.28600001     -0.68876213     -0.68872261    
  0.28700000     -0.68763918     -0.68759978    
  0.28799999     -0.68651640     -0.68647701    
  0.28900000     -0.68539375     -0.68535435    
  0.28999999     -0.68427122     -0.68423194    
  0.29100001     -0.68314880     -0.68310952    
  0.29200000     -0.68202657     -0.68198735    
  0.29300001     -0.68090445     -0.68086529    
  0.29400000     -0.67978245     -0.67974335    
  0.29499999     -0.67866063     -0.67862165    
  0.29600000     -0.67753899     -0.67750001    
  0.29699999     -0.67641747     -0.67637861    
  0.29800001     -0.67529613     -0.67525733    
  0.29899999     -0.67417496     -0.67413622    
  0.30000001     -0.67305398     -0.67301524    
  0.30100000     -0.67193311     -0.67189449    
  0.30200002     -0.67081243     -0.67077386    
  0.30300000     -0.66969192     -0.66965348    
  0.30399999     -0.66857165     -0.66853327    
  0.30500001     -0.66745156     -0.66741323    
  0.30599999     -0.66633165     -0.66629338    
  0.30700001     -0.66521192     -0.66517371    
  0.30800000     -0.66409236     -0.66405427    
  0.30900002     -0.66297305     -0.66293502    
  0.31000000     -0.66185391     -0.66181600    
  0.31099999     -0.66073501     -0.66069716    
  0.31200001     -0.65961629     -0.65957850    
  0.31299999     -0.65849781     -0.65846014    
  0.31400001     -0.65737957     -0.65734196    
  0.31500000     -0.65626150     -0.65622401    
  0.31600001     -0.65514368     -0.65510625    
  0.31700000     -0.65402609     -0.65398878    
  0.31799999     -0.65290874     -0.65287149    
  0.31900001     -0.65179163     -0.65175450    
  0.31999999     -0.65067476     -0.65063769    
  0.32100001     -0.64955813     -0.64952117    
  0.32200000     -0.64844173     -0.64840490    
  0.32300001     -0.64732558     -0.64728880    
  0.32400000     -0.64620972     -0.64617306    
  0.32499999     -0.64509410     -0.64505750    
  0.32600001     -0.64397871     -0.64394224    
  0.32699999     -0.64286363     -0.64282727    
  0.32800001     -0.64174879     -0.64171255    
  0.32900000     -0.64063424     -0.64059812    
  0.33000001     -0.63951993     -0.63948393    
  0.33100000     -0.63840592     -0.63837004    
  0.33200002     -0.63729221     -0.63725638    
  0.33300000     -0.63617879     -0.63614309    
  0.33399999     -0.63506567     -0.63503009    
  0.33500001     -0.63395280     -0.63391733    
  0.33600000     -0.63284022     -0.63280487    
  0.33700001     -0.63172793     -0.63169271    
  0.33800000     -0.63061601     -0.63058090    
  0.33900002     -0.62950438     -0.62946939    
  0.34000000     -0.62839305     -0.62835819    
  0.34099999     -0.62728202     -0.62724727    
  0.34200001     -0.62617135     -0.62613666    
  0.34299999     -0.62506098     -0.62502640    
  0.34400001     -0.62395090     -0.62391645    
  0.34500000     -0.62284118     -0.62280691    
  0.34600002     -0.62173176     -0.62169760    
  0.34700000     -0.62062269     -0.62058866    
  0.34799999     -0.61951399     -0.61948007    
  0.34900001     -0.61840558     -0.61837178    
  0.34999999     -0.61729753     -0.61726385    
  0.35100001     -0.61618984     -0.61615628    
  0.35200000     -0.61508250     -0.61504912    
  0.35300002     -0.61397552     -0.61394221    
  0.35400000     -0.61286891     -0.61283576    
  0.35499999     -0.61176264     -0.61172962    
  0.35600001     -0.61065674     -0.61062384    
  0.35699999     -0.60955119     -0.60951847    
  0.35800001     -0.60844600     -0.60841340    
  0.35900000     -0.60734123     -0.60730880    
  0.36000001     -0.60623682     -0.60620451    
  0.36100000     -0.60513276     -0.60510063    
  0.36200002     -0.60402912     -0.60399705    
  0.36300001     -0.60292584     -0.60289395    
  0.36399999     -0.60182297     -0.60179126    
  0.36500001     -0.60072052     -0.60068893    
  0.36600000     -0.59961843     -0.59958702    
  0.36700001     -0.59851676     -0.59848547    
  0.36800000     -0.59741551     -0.59738439    
  0.36900002     -0.59631467     -0.59628367    
  0.37000000     -0.59521425     -0.59518337    
  0.37099999     -0.59411424     -0.59408355    
  0.37200001     -0.59301466     -0.59298408    
  0.37300000     -0.59191549     -0.59188503    
  0.37400001     -0.59081674     -0.59078640    
  0.37500000     -0.58971840     -0.58968824    
  0.37600002     -0.58862048     -0.58859044    
  0.37700000     -0.58752304     -0.58749318    
  0.37799999     -0.58642602     -0.58639634    
  0.37900001     -0.58532941     -0.58529985    
  0.38000000     -0.58423328     -0.58420390    
  0.38100001     -0.58313757     -0.58310837    
  0.38200000     -0.58204234     -0.58201331    
  0.38300002     -0.58094758     -0.58091867    
  0.38400000     -0.57985324     -0.57982451    
  0.38499999     -0.57875937     -0.57873082    
  0.38600001     -0.57766598     -0.57763755    
  0.38699999     -0.57657307     -0.57654482    
  0.38800001     -0.57548058     -0.57545251    
  0.38900000     -0.57438856     -0.57436067    
  0.39000002     -0.57329702     -0.57326931    
  0.39100000     -0.57220602     -0.57217848    
  0.39200002     -0.57111549     -0.57108808    
  0.39300001     -0.57002544     -0.56999820    
  0.39399999     -0.56893587     -0.56890887    
  0.39500001     -0.56784678     -0.56781989    
  0.39600000     -0.56675822     -0.56673151    
  0.39700001     -0.56567013     -0.56564361    
  0.39800000     -0.56458253     -0.56455624    
  0.39900002     -0.56349546     -0.56346929    
  0.40000001     -0.56240892     -0.56238294    
  0.40099999     -0.56132287     -0.56129712    
  0.40200001     -0.56023735     -0.56021172    
  0.40300000     -0.55915231     -0.55912691    
  0.40400001     -0.55806780     -0.55804259    
  0.40500000     -0.55698383     -0.55695879    
  0.40600002     -0.55590039     -0.55587554    
  0.40700001     -0.55481750     -0.55479288    
  0.40799999     -0.55373514     -0.55371064    
  0.40900001     -0.55265331     -0.55262899    
  0.41000000     -0.55157202     -0.55154794    
  0.41100001     -0.55049127     -0.55046731    
  0.41200000     -0.54941106     -0.54938734    
  0.41300002     -0.54833138     -0.54830790    
  0.41400000     -0.54725230     -0.54722899    
  0.41500002     -0.54617375     -0.54615062    
  0.41600001     -0.54509574     -0.54507285    
  0.41700000     -0.54401833     -0.54399562    
  0.41800001     -0.54294145     -0.54291898    
  0.41900000     -0.54186517     -0.54184288    
  0.42000002     -0.54078948     -0.54076737    
  0.42100000     -0.53971434     -0.53969246    
  0.42200002     -0.53863978     -0.53861803    
  0.42300001     -0.53756583     -0.53754431    
  0.42399999     -0.53649241     -0.53647113    
  0.42500001     -0.53541958     -0.53539854    
  0.42600000     -0.53434736     -0.53432649    
  0.42700002     -0.53327572     -0.53325510    
  0.42800000     -0.53220469     -0.53218430    
  0.42900002     -0.53113425     -0.53111404    
  0.43000001     -0.53006440     -0.53004450    
  0.43099999     -0.52899522     -0.52897549    
  0.43200001     -0.52792662     -0.52790707    
  0.43300000     -0.52685863     -0.52683932    
  0.43400002     -0.52579123     -0.52577209    
  0.43500000     -0.52472448     -0.52470559    
  0.43600002     -0.52365834     -0.52363962    
  0.43700001     -0.52259284     -0.52257431    
  0.43799999     -0.52152795     -0.52150971    
  0.43900001     -0.52046371     -0.52044559    
  0.44000000     -0.51940006     -0.51938224    
  0.44100001     -0.51833707     -0.51831943    
  0.44200000     -0.51727474     -0.51725733    
  0.44300002     -0.51621300     -0.51619583    
  0.44400001     -0.51515192     -0.51513499    
  0.44500002     -0.51409149     -0.51407474    
  0.44600001     -0.51303172     -0.51301527    
  0.44700000     -0.51197261     -0.51195639    
  0.44800001     -0.51091415     -0.51089811    
  0.44900000     -0.50985634     -0.50984055    
  0.45000002     -0.50879920     -0.50878364    
  0.45100001     -0.50774270     -0.50772738    
  0.45200002     -0.50668693     -0.50667179    
  0.45300001     -0.50563180     -0.50561690    
  0.45400000     -0.50457734     -0.50456274    
  0.45500001     -0.50352353     -0.50350916    
  0.45600000     -0.50247043     -0.50245625    
  0.45700002     -0.50141799     -0.50140411    
  0.45800000     -0.50036627     -0.50035262    
  0.45900002     -0.49931523     -0.49930179    
  0.46000001     -0.49826488     -0.49825165    
  0.46100000     -0.49721521     -0.49720225    
  0.46200001     -0.49616626     -0.49615353    
  0.46300000     -0.49511799     -0.49510553    
  0.46400002     -0.49407044     -0.49405816    
  0.46500000     -0.49302357     -0.49301159    
  0.46600002     -0.49197742     -0.49196568    
  0.46700001     -0.49093199     -0.49092051    
  0.46799999     -0.48988727     -0.48987603    
  0.46900001     -0.48884326     -0.48883227    
  0.47000000     -0.48779997     -0.48778924    
  0.47100002     -0.48675743     -0.48674691    
  0.47200000     -0.48571560     -0.48570535    
  0.47300002     -0.48467448     -0.48466447    
  0.47400001     -0.48363411     -0.48362434    
  0.47500002     -0.48259446     -0.48258495    
  0.47600001     -0.48155555     -0.48154631    
  0.47700000     -0.48051739     -0.48050842    
  0.47800002     -0.47947997     -0.47947124    
  0.47900000     -0.47844329     -0.47843480    
  0.48000002     -0.47740737     -0.47739911    
  0.48100001     -0.47637218     -0.47636420    
  0.48200002     -0.47533774     -0.47533000    
  0.48300001     -0.47430408     -0.47429663    
  0.48400000     -0.47327116     -0.47326398    
  0.48500001     -0.47223902     -0.47223207    
  0.48600000     -0.47120765     -0.47120094    
  0.48700002     -0.47017702     -0.47017059    
  0.48800001     -0.46914718     -0.46914101    
  0.48900002     -0.46811810     -0.46811217    
  0.49000001     -0.46708980     -0.46708417    
  0.49100000     -0.46606228     -0.46605691    
  0.49200001     -0.46503553     -0.46503043    
  0.49300000     -0.46400958     -0.46400473    
  0.49400002     -0.46298441     -0.46297982    
  0.49500000     -0.46196002     -0.46195573    
  0.49600002     -0.46093643     -0.46093237    
  0.49700001     -0.45991364     -0.45990986    
  0.49800000     -0.45889163     -0.45888811    
  0.49900001     -0.45787042     -0.45786718    
  0.50000000     -0.45685002     -0.45684704    
  0.50099999     -0.45583043     -0.45582774    
  0.50200003     -0.45481163     -0.45480919    
  0.50300002     -0.45379364     -0.45379150    
  0.50400001     -0.45277649     -0.45277461    
  0.50500000     -0.45176014     -0.45175853    
  0.50599998     -0.45074460     -0.45074332    
  0.50700003     -0.44972989     -0.44972882    
  0.50800002     -0.44871601     -0.44871521    
  0.50900000     -0.44770294     -0.44770244    
  0.50999999     -0.44669071     -0.44669050    
  0.51100004     -0.44567931     -0.44567931    
  0.51200002     -0.44466874     -0.44466904    
  0.51300001     -0.44365901     -0.44365960    
  0.51400000     -0.44265011     -0.44265100    
  0.51499999     -0.44164205     -0.44164324    
  0.51600003     -0.44063485     -0.44063625    
  0.51700002     -0.43962848     -0.43963021    
  0.51800001     -0.43862295     -0.43862498    
  0.51899999     -0.43761829     -0.43762061    
  0.52000004     -0.43661448     -0.43661702    
  0.52100003     -0.43561152     -0.43561438    
  0.52200001     -0.43460941     -0.43461257    
  0.52300000     -0.43360817     -0.43361163    
  0.52399999     -0.43260780     -0.43261155    
  0.52500004     -0.43160829     -0.43161231    
  0.52600002     -0.43060964     -0.43061396    
  0.52700001     -0.42961189     -0.42961645    
  0.52800000     -0.42861500     -0.42861989    
  0.52899998     -0.42761898     -0.42762420    
  0.53000003     -0.42662385     -0.42662928    
  0.53100002     -0.42562959     -0.42563534    
  0.53200001     -0.42463621     -0.42464226    
  0.53299999     -0.42364374     -0.42365009    
  0.53400004     -0.42265216     -0.42265874    
  0.53500003     -0.42166144     -0.42166835    
  0.53600001     -0.42067161     -0.42067885    
  0.53700000     -0.41968268     -0.41969025    
  0.53799999     -0.41869467     -0.41870254    
  0.53900003     -0.41770756     -0.41771564    
  0.54000002     -0.41672134     -0.41672975    
  0.54100001     -0.41573605     -0.41574478    
  0.54200000     -0.41475165     -0.41476068    
  0.54300004     -0.41376817     -0.41377744    
  0.54400003     -0.41278559     -0.41279516    
  0.54500002     -0.41180393     -0.41181380    
  0.54600000     -0.41082320     -0.41083336    
  0.54699999     -0.40984339     -0.40985388    
  0.54800004     -0.40886447     -0.40887520    
  0.54900002     -0.40788651     -0.40789753    
  0.55000001     -0.40690947     -0.40692082    
  0.55100000     -0.40593335     -0.40594503    
  0.55199999     -0.40495816     -0.40497014    
  0.55300003     -0.40398389     -0.40399617    
  0.55400002     -0.40301058     -0.40302318    
  0.55500001     -0.40203819     -0.40205106    
  0.55599999     -0.40106675     -0.40107998    
  0.55700004     -0.40009627     -0.40010974    
  0.55800003     -0.39912671     -0.39914051    
  0.55900002     -0.39815810     -0.39817220    
  0.56000000     -0.39719045     -0.39720488    
  0.56099999     -0.39622375     -0.39623848    
  0.56200004     -0.39525801     -0.39527303    
  0.56300002     -0.39429322     -0.39430860    
  0.56400001     -0.39332938     -0.39334503    
  0.56500000     -0.39236653     -0.39238250    
  0.56599998     -0.39140463     -0.39142090    
  0.56700003     -0.39044368     -0.39046025    
  0.56800002     -0.38948372     -0.38950062    
  0.56900001     -0.38852471     -0.38854197    
  0.56999999     -0.38756669     -0.38758424    
  0.57100004     -0.38660964     -0.38662747    
  0.57200003     -0.38565356     -0.38567171    
  0.57300001     -0.38469845     -0.38471696    
  0.57400000     -0.38374433     -0.38376313    
  0.57499999     -0.38279119     -0.38281032    
  0.57600003     -0.38183904     -0.38185847    
  0.57700002     -0.38088787     -0.38090765    
  0.57800001     -0.37993771     -0.37995780    
  0.57900000     -0.37898853     -0.37900895    
  0.58000004     -0.37804034     -0.37806103    
  0.58100003     -0.37709317     -0.37711421    
  0.58200002     -0.37614697     -0.37616834    
  0.58300000     -0.37520179     -0.37522352    
  0.58399999     -0.37425762     -0.37427965    
  0.58500004     -0.37331444     -0.37333676    
  0.58600003     -0.37237227     -0.37239492    
  0.58700001     -0.37143111     -0.37145409    
  0.58800000     -0.37049097     -0.37051424    
  0.58899999     -0.36955184     -0.36957550    
  0.59000003     -0.36861372     -0.36863762    
  0.59100002     -0.36767662     -0.36770087    
  0.59200001     -0.36674052     -0.36676514    
  0.59299999     -0.36580548     -0.36583039    
  0.59400004     -0.36487144     -0.36489666    
  0.59500003     -0.36393842     -0.36396399    
  0.59600002     -0.36300644     -0.36303234    
  0.59700000     -0.36207551     -0.36210173    
  0.59799999     -0.36114559     -0.36117217    
  0.59900004     -0.36021671     -0.36024353    
  0.60000002     -0.35928887     -0.35931605    
  0.60100001     -0.35836205     -0.35838956    
  0.60200000     -0.35743627     -0.35746416    
  0.60300004     -0.35651153     -0.35653973    
  0.60400003     -0.35558784     -0.35561636    
  0.60500002     -0.35466522     -0.35469410    
  0.60600001     -0.35374364     -0.35377282    
  0.60699999     -0.35282311     -0.35285264    
  0.60800004     -0.35190362     -0.35193342    
  0.60900003     -0.35098520     -0.35101539    
  0.61000001     -0.35006782     -0.35009834    
  0.61100000     -0.34915152     -0.34918234    
  0.61199999     -0.34823626     -0.34826741    
  0.61300004     -0.34732208     -0.34735352    
  0.61400002     -0.34640893     -0.34644073    
  0.61500001     -0.34549686     -0.34552902    
  0.61600000     -0.34458587     -0.34461838    
  0.61700004     -0.34367594     -0.34370875    
  0.61800003     -0.34276709     -0.34280026    
  0.61900002     -0.34185931     -0.34189284    
  0.62000000     -0.34095261     -0.34098646    
  0.62099999     -0.34004697     -0.34008119    
  0.62200004     -0.33914241     -0.33917689    
  0.62300003     -0.33823895     -0.33827376    
  0.62400001     -0.33733657     -0.33737177    
  0.62500000     -0.33643526     -0.33647084    
  0.62599999     -0.33553505     -0.33557093    
  0.62700003     -0.33463591     -0.33467209    
  0.62800002     -0.33373788     -0.33377445    
  0.62900001     -0.33284095     -0.33287781    
  0.63000000     -0.33194509     -0.33198231    
  0.63100004     -0.33105034     -0.33108789    
  0.63200003     -0.33015668     -0.33019459    
  0.63300002     -0.32926413     -0.32930240    
  0.63400000     -0.32837269     -0.32841131    
  0.63499999     -0.32748234     -0.32752129    
  0.63600004     -0.32659310     -0.32663232    
  0.63700002     -0.32570496     -0.32574457    
  0.63800001     -0.32481793     -0.32485789    
  0.63900000     -0.32393199     -0.32397231    
  0.64000005     -0.32304719     -0.32308778    
  0.64100003     -0.32216349     -0.32220447    
  0.64200002     -0.32128093     -0.32132220    
  0.64300001     -0.32039946     -0.32044110    
  0.64399999     -0.31951913     -0.31956112    
  0.64500004     -0.31863990     -0.31868219    
  0.64600003     -0.31776181     -0.31780446    
  0.64700001     -0.31688485     -0.31692785    
  0.64800000     -0.31600899     -0.31605232    
  0.64899999     -0.31513426     -0.31517795    
  0.65000004     -0.31426066     -0.31430465    
  0.65100002     -0.31338820     -0.31343257    
  0.65200001     -0.31251687     -0.31256160    
  0.65300000     -0.31164667     -0.31169179    
  0.65400004     -0.31077760     -0.31082299    
  0.65500003     -0.30990967     -0.30995539    
  0.65600002     -0.30904290     -0.30908900    
  0.65700001     -0.30817726     -0.30822369    
  0.65799999     -0.30731276     -0.30735958    
  0.65900004     -0.30644941     -0.30649653    
  0.66000003     -0.30558720     -0.30563468    
  0.66100001     -0.30472612     -0.30477393    
  0.66200000     -0.30386621     -0.30391440    
  0.66300005     -0.30300745     -0.30305591    
  0.66400003     -0.30214983     -0.30219871    
  0.66500002     -0.30129337     -0.30134255    
  0.66600001     -0.30043808     -0.30048761    
  0.66700000     -0.29958394     -0.29963386    
  0.66800004     -0.29873094     -0.29878116    
  0.66900003     -0.29787910     -0.29792967    
  0.67000002     -0.29702842     -0.29707938    
  0.67100000     -0.29617891     -0.29623026    
  0.67199999     -0.29533055     -0.29538226    
  0.67300004     -0.29448339     -0.29453537    
  0.67400002     -0.29363739     -0.29368976    
  0.67500001     -0.29279256     -0.29284528    
  0.67600000     -0.29194888     -0.29200196    
  0.67700005     -0.29110640     -0.29115978    
  0.67800003     -0.29026508     -0.29031882    
  0.67900002     -0.28942493     -0.28947902    
  0.68000001     -0.28858596     -0.28864044    
  0.68099999     -0.28774816     -0.28780296    
  0.68200004     -0.28691155     -0.28696665    
  0.68300003     -0.28607613     -0.28613162    
  0.68400002     -0.28524187     -0.28529772    
  0.68500000     -0.28440881     -0.28446499    
  0.68600005     -0.28357694     -0.28363341    
  0.68700004     -0.28274626     -0.28280315    
  0.68800002     -0.28191674     -0.28197396    
  0.68900001     -0.28108841     -0.28114602    
  0.69000000     -0.28026128     -0.28031924    
  0.69100004     -0.27943534     -0.27949363    
  0.69200003     -0.27861059     -0.27866924    
  0.69300002     -0.27778706     -0.27784607    
  0.69400001     -0.27696472     -0.27702406    
  0.69499999     -0.27614358     -0.27620330    
  0.69600004     -0.27532363     -0.27538365    
  0.69700003     -0.27450487     -0.27456528    
  0.69800001     -0.27368733     -0.27374810    
  0.69900000     -0.27287099     -0.27293211    
  0.70000005     -0.27205586     -0.27211729    
  0.70100003     -0.27124193     -0.27130371    
  0.70200002     -0.27042919     -0.27049136    
  0.70300001     -0.26961768     -0.26968023    
  0.70400000     -0.26880738     -0.26887026    
  0.70500004     -0.26799828     -0.26806146    
  0.70600003     -0.26719040     -0.26725394    
  0.70700002     -0.26638374     -0.26644766    
  0.70800000     -0.26557827     -0.26564255    
  0.70899999     -0.26477402     -0.26483867    
  0.71000004     -0.26397100     -0.26403597    
  0.71100003     -0.26316920     -0.26323453    
  0.71200001     -0.26236862     -0.26243427    
  0.71300000     -0.26156926     -0.26163533    
  0.71400005     -0.26077113     -0.26083747    
  0.71500003     -0.25997421     -0.26004094    
  0.71600002     -0.25917852     -0.25924563    
  0.71700001     -0.25838405     -0.25845149    
  0.71799999     -0.25759083     -0.25765866    
  0.71900004     -0.25679883     -0.25686693    
  0.72000003     -0.25600806     -0.25607657    
  0.72100002     -0.25521851     -0.25528735    
  0.72200000     -0.25443020     -0.25449941    
  0.72300005     -0.25364313     -0.25371265    
  0.72400004     -0.25285730     -0.25292715    
  0.72500002     -0.25207269     -0.25214288    
  0.72600001     -0.25128931     -0.25135988    
  0.72700000     -0.25050718     -0.25057814    
  0.72800004     -0.24972628     -0.24979757    
  0.72900003     -0.24894662     -0.24901825    
  0.73000002     -0.24816822     -0.24824022    
  0.73100001     -0.24739105     -0.24746342    
  0.73199999     -0.24661513     -0.24668786    
  0.73300004     -0.24584045     -0.24591345    
  0.73400003     -0.24506702     -0.24514042    
  0.73500001     -0.24429482     -0.24436855    
  0.73600000     -0.24352388     -0.24359798    
  0.73700005     -0.24275419     -0.24282862    
  0.73800004     -0.24198575     -0.24206053    
  0.73900002     -0.24121857     -0.24129371    
  0.74000001     -0.24045263     -0.24052814    
  0.74100000     -0.23968795     -0.23976378    
  0.74200004     -0.23892452     -0.23900068    
  0.74300003     -0.23816235     -0.23823887    
  0.74400002     -0.23740144     -0.23747833    
  0.74500000     -0.23664178     -0.23671901    
  0.74600005     -0.23588338     -0.23596095    
  0.74700004     -0.23512624     -0.23520413    
  0.74800003     -0.23437037     -0.23444863    
  0.74900001     -0.23361574     -0.23369440    
  0.75000000     -0.23286238     -0.23294137    
  0.75100005     -0.23211029     -0.23218960    
  0.75200003     -0.23135947     -0.23143910    
  0.75300002     -0.23060991     -0.23068990    
  0.75400001     -0.22986162     -0.22994199    
  0.75500000     -0.22911459     -0.22919530    
  0.75600004     -0.22836883     -0.22844987    
  0.75700003     -0.22762434     -0.22770573    
  0.75800002     -0.22688112     -0.22696285    
  0.75900000     -0.22613917     -0.22622129    
  0.76000005     -0.22539850     -0.22548087    
  0.76100004     -0.22465909     -0.22474185    
  0.76200002     -0.22392096     -0.22400405    
  0.76300001     -0.22318409     -0.22326759    
  0.76400000     -0.22244851     -0.22253236    
  0.76500005     -0.22171421     -0.22179836    
  0.76600003     -0.22098118     -0.22106569    
  0.76700002     -0.22024943     -0.22033429    
  0.76800001     -0.21951896     -0.21960416    
  0.76899999     -0.21878977     -0.21887533    
  0.77000004     -0.21806186     -0.21814772    
  0.77100003     -0.21733524     -0.21742146    
  0.77200001     -0.21660990     -0.21669646    
  0.77300000     -0.21588583     -0.21597275    
  0.77400005     -0.21516305     -0.21525030    
  0.77500004     -0.21444155     -0.21452913    
  0.77600002     -0.21372133     -0.21380928    
  0.77700001     -0.21300241     -0.21309070    
  0.77800000     -0.21228477     -0.21237339    
  0.77900004     -0.21156843     -0.21165738    
  0.78000003     -0.21085337     -0.21094266    
  0.78100002     -0.21013960     -0.21022923    
  0.78200001     -0.20942712     -0.20951712    
  0.78300005     -0.20871593     -0.20880619    
  0.78400004     -0.20800602     -0.20809668    
  0.78500003     -0.20729741     -0.20738840    
  0.78600001     -0.20659010     -0.20668145    
  0.78700000     -0.20588408     -0.20597577    
  0.78800005     -0.20517936     -0.20527135    
  0.78900003     -0.20447592     -0.20456828    
  0.79000002     -0.20377378     -0.20386647    
  0.79100001     -0.20307294     -0.20316599    
  0.79200000     -0.20237339     -0.20246677    
  0.79300004     -0.20167515     -0.20176885    
  0.79400003     -0.20097820     -0.20107226    
  0.79500002     -0.20028256     -0.20037696    
  0.79600000     -0.19958821     -0.19968294    
  0.79700005     -0.19889516     -0.19899023    
  0.79800004     -0.19820341     -0.19829878    
  0.79900002     -0.19751297     -0.19760868    
  0.80000001     -0.19682382     -0.19691990    
  0.80100000     -0.19613598     -0.19623241    
  0.80200005     -0.19544944     -0.19554618    
  0.80300003     -0.19476421     -0.19486125    
  0.80400002     -0.19408028     -0.19417772    
  0.80500001     -0.19339766     -0.19349544    
  0.80600005     -0.19271635     -0.19281441    
  0.80700004     -0.19203633     -0.19213471    
  0.80800003     -0.19135763     -0.19145636    
  0.80900002     -0.19068024     -0.19077928    
  0.81000000     -0.19000414     -0.19010356    
  0.81100005     -0.18932936     -0.18942906    
  0.81200004     -0.18865588     -0.18875596    
  0.81300002     -0.18798372     -0.18808414    
  0.81400001     -0.18731287     -0.18741360    
  0.81500000     -0.18664333     -0.18674438    
  0.81600004     -0.18597510     -0.18607648    
  0.81700003     -0.18530819     -0.18540990    
  0.81800002     -0.18464258     -0.18474460    
  0.81900001     -0.18397829     -0.18408065    
  0.82000005     -0.18331531     -0.18341801    
  0.82100004     -0.18265364     -0.18275665    
  0.82200003     -0.18199328     -0.18209662    
  0.82300001     -0.18133424     -0.18143792    
  0.82400000     -0.18067652     -0.18078054    
  0.82500005     -0.18002011     -0.18012445    
  0.82600003     -0.17936501     -0.17946967    
  0.82700002     -0.17871124     -0.17881623    
  0.82800001     -0.17805877     -0.17816409    
  0.82900006     -0.17740762     -0.17751324    
  0.83000004     -0.17675780     -0.17686374    
  0.83100003     -0.17610928     -0.17621556    
  0.83200002     -0.17546210     -0.17556871    
  0.83300000     -0.17481622     -0.17492317    
  0.83400005     -0.17417167     -0.17427886    
  0.83500004     -0.17352843     -0.17363599    
  0.83600003     -0.17288652     -0.17299441    
  0.83700001     -0.17224592     -0.17235413    
  0.83800000     -0.17160664     -0.17171519    
  0.83900005     -0.17096868     -0.17107747    
  0.84000003     -0.17033204     -0.17044118    
  0.84100002     -0.16969673     -0.16980618    
  0.84200001     -0.16906273     -0.16917256    
  0.84300005     -0.16843006     -0.16854016    
  0.84400004     -0.16779871     -0.16790912    
  0.84500003     -0.16716869     -0.16727944    
  0.84600002     -0.16653998     -0.16665107    
  0.84700000     -0.16591260     -0.16602400    
  0.84800005     -0.16528654     -0.16539823    
  0.84900004     -0.16466181     -0.16477381    
  0.85000002     -0.16403840     -0.16415071    
  0.85100001     -0.16341631     -0.16352896    
  0.85200000     -0.16279554     -0.16290852    
  0.85300004     -0.16217610     -0.16228937    
  0.85400003     -0.16155799     -0.16167156    
  0.85500002     -0.16094120     -0.16105512    
  0.85600001     -0.16032574     -0.16043994    
  0.85700005     -0.15971160     -0.15982606    
  0.85800004     -0.15909879     -0.15921360    
  0.85900003     -0.15848731     -0.15860245    
  0.86000001     -0.15787715     -0.15799256    
  0.86100000     -0.15726832     -0.15738405    
  0.86200005     -0.15666081     -0.15677680    
  0.86300004     -0.15605463     -0.15617095    
  0.86400002     -0.15544978     -0.15556641    
  0.86500001     -0.15484625     -0.15496318    
  0.86600006     -0.15424405     -0.15436128    
  0.86700004     -0.15364318     -0.15376070    
  0.86800003     -0.15304363     -0.15316142    
  0.86900002     -0.15244541     -0.15256354    
  0.87000000     -0.15184851     -0.15196694    
  0.87100005     -0.15125294     -0.15137169    
  0.87200004     -0.15065870     -0.15077773    
  0.87300003     -0.15006578     -0.15018512    
  0.87400001     -0.14947419     -0.14959383    
  0.87500000     -0.14888392     -0.14900388    
  0.87600005     -0.14829499     -0.14841524    
  0.87700003     -0.14770739     -0.14782791    
  0.87800002     -0.14712112     -0.14724195    
  0.87900001     -0.14653617     -0.14665730    
  0.88000005     -0.14595255     -0.14607398    
  0.88100004     -0.14537026     -0.14549197    
  0.88200003     -0.14478929     -0.14491132    
  0.88300002     -0.14420965     -0.14433196    
  0.88400000     -0.14363134     -0.14375395    
  0.88500005     -0.14305435     -0.14317724    
  0.88600004     -0.14247869     -0.14260186    
  0.88700002     -0.14190437     -0.14202785    
  0.88800001     -0.14133137     -0.14145514    
  0.88900006     -0.14075971     -0.14088374    
  0.89000005     -0.14018936     -0.14031371    
  0.89100003     -0.13962035     -0.13974498    
  0.89200002     -0.13905266     -0.13917759    
  0.89300001     -0.13848630     -0.13861154    
  0.89400005     -0.13792126     -0.13804674    
  0.89500004     -0.13735755     -0.13748331    
  0.89600003     -0.13679516     -0.13692126    
  0.89700001     -0.13623410     -0.13636051    
  0.89800000     -0.13567439     -0.13580105    
  0.89900005     -0.13511600     -0.13524291    
  0.90000004     -0.13455893     -0.13468613    
  0.90100002     -0.13400319     -0.13413070    
  0.90200001     -0.13344878     -0.13357656    
  0.90300006     -0.13289569     -0.13302371    
  0.90400004     -0.13234393     -0.13247223    
  0.90500003     -0.13179350     -0.13192210    
  0.90600002     -0.13124439     -0.13137329    
  0.90700001     -0.13069661     -0.13082576    
  0.90800005     -0.13015015     -0.13027954    
  0.90900004     -0.12960503     -0.12973469    
  0.91000003     -0.12906122     -0.12919118    
  0.91100001     -0.12851875     -0.12864897    
  0.91200006     -0.12797758     -0.12810804    
  0.91300005     -0.12743774     -0.12756851    
  0.91400003     -0.12689923     -0.12703025    
  0.91500002     -0.12636204     -0.12649336    
  0.91600001     -0.12582618     -0.12595779    
  0.91700006     -0.12529165     -0.12542349    
  0.91800004     -0.12475843     -0.12489054    
  0.91900003     -0.12422654     -0.12435893    
  0.92000002     -0.12369598     -0.12382867    
  0.92100000     -0.12316673     -0.12329966    
  0.92200005     -0.12263881     -0.12277199    
  0.92300004     -0.12211221     -0.12224570    
  0.92400002     -0.12158694     -0.12172069    
  0.92500001     -0.12106299     -0.12119700    
  0.92600006     -0.12054035     -0.12067458    
  0.92700005     -0.12001904     -0.12015354    
  0.92800003     -0.11949905     -0.11963384    
  0.92900002     -0.11898038     -0.11911544    
  0.93000001     -0.11846303     -0.11859833    
  0.93100005     -0.11794700     -0.11808253    
  0.93200004     -0.11743230     -0.11756810    
  0.93300003     -0.11691891     -0.11705494    
  0.93400002     -0.11640684     -0.11654316    
  0.93500000     -0.11589608     -0.11603266    
  0.93600005     -0.11538665     -0.11552345    
  0.93700004     -0.11487854     -0.11501561    
  0.93800002     -0.11437173     -0.11450905    
  0.93900001     -0.11386625     -0.11400384    
  0.94000006     -0.11336208     -0.11349990    
  0.94100004     -0.11285923     -0.11299732    
  0.94200003     -0.11235770     -0.11249603    
  0.94300002     -0.11185748     -0.11199606    
  0.94400001     -0.11135858     -0.11149742    
  0.94500005     -0.11086099     -0.11100004    
  0.94600004     -0.11036471     -0.11050403    
  0.94700003     -0.10986975     -0.11000931    
  0.94800001     -0.10937610     -0.10951592    
  0.94900006     -0.10888377     -0.10902381    
  0.95000005     -0.10839275     -0.10853303    
  0.95100003     -0.10790303     -0.10804356    
  0.95200002     -0.10741463     -0.10755538    
  0.95300001     -0.10692754     -0.10706856    
  0.95400006     -0.10644177     -0.10658298    
  0.95500004     -0.10595730     -0.10609879    
  0.95600003     -0.10547414     -0.10561586    
  0.95700002     -0.10499229     -0.10513424    
  0.95800000     -0.10451175     -0.10465395    
  0.95900005     -0.10403251     -0.10417493    
  0.96000004     -0.10355458     -0.10369725    
  0.96100003     -0.10307796     -0.10322087    
  0.96200001     -0.10260265     -0.10274576    
  0.96300006     -0.10212864     -0.10227197    
  0.96400005     -0.10165594     -0.10179947    
  0.96500003     -0.10118454     -0.10132831    
  0.96600002     -0.10071445     -0.10085846    
  0.96700001     -0.10024565     -0.10038992    
  0.96800005     -9.97781679E-02 -9.99226347E-02
  0.96900004     -9.93119776E-02 -9.94566828E-02
  0.97000003     -9.88470912E-02 -9.89920199E-02
  0.97100002     -9.83835086E-02 -9.85286608E-02
  0.97200006     -9.79212224E-02 -9.80665684E-02
  0.97300005     -9.74602401E-02 -9.76058319E-02
  0.97400004     -9.70005542E-02 -9.71463621E-02
  0.97500002     -9.65421647E-02 -9.66881737E-02
  0.97600001     -9.60850716E-02 -9.62313265E-02
  0.97700006     -9.56292823E-02 -9.57757235E-02
  0.97800004     -9.51747894E-02 -9.53214243E-02
  0.97900003     -9.47215930E-02 -9.48684439E-02
  0.98000002     -9.42696854E-02 -9.44167897E-02
  0.98100001     -9.38190743E-02 -9.39663872E-02
  0.98200005     -9.33697596E-02 -9.35172588E-02
  0.98300004     -9.29217339E-02 -9.30694491E-02
  0.98400003     -9.24750045E-02 -9.26229283E-02
  0.98500001     -9.20295641E-02 -9.21777040E-02
  0.98600006     -9.15854126E-02 -9.17337462E-02
  0.98700005     -9.11425576E-02 -9.12911147E-02
  0.98800004     -9.07009915E-02 -9.08497125E-02
  0.98900002     -9.02607143E-02 -9.04096738E-02
  0.99000001     -8.98217186E-02 -8.99708644E-02
  0.99100006     -8.93840119E-02 -8.95333737E-02
  0.99200004     -8.89475942E-02 -8.90971348E-02
  0.99300003     -8.85124579E-02 -8.86622071E-02
  0.99400002     -8.80786106E-02 -8.82285684E-02
  0.99500000     -8.76460448E-02 -8.77962112E-02
  0.99600005     -8.72147605E-02 -8.73651057E-02
  0.99700004     -8.67847651E-02 -8.69352967E-02
  0.99800003     -8.63560513E-02 -8.65067840E-02
  0.99900001     -8.59286189E-02 -8.60795602E-02
   1.0000001     -8.55024606E-02 -8.56535286E-02
   1.0010000     -8.50775838E-02 -8.52288753E-02
   1.0020001     -8.46539885E-02 -8.48054588E-02
   1.0030001     -8.42316672E-02 -8.43833163E-02
   1.0040001     -8.38106275E-02 -8.39625001E-02
   1.0050001     -8.33908617E-02 -8.35428610E-02
   1.0060000     -8.29723701E-02 -8.31246078E-02
   1.0070001     -8.25551525E-02 -8.27075616E-02
   1.0080001     -8.21392089E-02 -8.22917745E-02
   1.0090001     -8.17245394E-02 -8.18773136E-02
   1.0100001     -8.13111439E-02 -8.14640597E-02
   1.0110000     -8.08990151E-02 -8.10521692E-02
   1.0120001     -8.04881603E-02 -8.06414634E-02
   1.0130001     -8.00785720E-02 -8.02320391E-02
   1.0140001     -7.96702504E-02 -7.98239261E-02
   1.0150001     -7.92631954E-02 -7.94169903E-02
   1.0160002     -7.88574070E-02 -7.90113807E-02
   1.0170001     -7.84528852E-02 -7.86070749E-02
   1.0180001     -7.80496299E-02 -7.82039613E-02
   1.0190001     -7.76476339E-02 -7.78021812E-02
   1.0200001     -7.72469044E-02 -7.74015859E-02
   1.0210001     -7.68474340E-02 -7.70022646E-02
   1.0220001     -7.64492229E-02 -7.66042471E-02
   1.0230001     -7.60522708E-02 -7.62074515E-02
   1.0240000     -7.56565779E-02 -7.58119449E-02
   1.0250001     -7.52621442E-02 -7.54176825E-02
   1.0260001     -7.48689696E-02 -7.50246346E-02
   1.0270001     -7.44770467E-02 -7.46328980E-02
   1.0280001     -7.40863830E-02 -7.42423907E-02
   1.0290000     -7.36969709E-02 -7.38531724E-02
   1.0300001     -7.33088106E-02 -7.34651461E-02
   1.0310001     -7.29219019E-02 -7.30783418E-02
   1.0320001     -7.25362450E-02 -7.26928785E-02
   1.0330001     -7.21518397E-02 -7.23086149E-02
   1.0340000     -7.17686787E-02 -7.19256476E-02
   1.0350001     -7.13867694E-02 -7.15438798E-02
   1.0360001     -7.10061044E-02 -7.11633265E-02
   1.0370001     -7.06266835E-02 -7.07840696E-02
   1.0380001     -7.02485070E-02 -7.04060495E-02
   1.0390002     -6.98715746E-02 -7.00292513E-02
   1.0400001     -6.94958866E-02 -6.96537122E-02
   1.0410001     -6.91214427E-02 -6.92794174E-02
   1.0420001     -6.87482357E-02 -6.89063892E-02
   1.0430001     -6.83762655E-02 -6.85345381E-02
   1.0440001     -6.80055395E-02 -6.81639388E-02
   1.0450001     -6.76360503E-02 -6.77946135E-02
   1.0460001     -6.72677904E-02 -6.74264729E-02
   1.0470001     -6.69007674E-02 -6.70596287E-02
