   0.0000000000000000        1.0000000000000000        0.0000000000000000     
  1.00000000000000002E-002  0.99995000041666526       1.00000000000000002E-002
  2.00000000000000004E-002  0.99980000666657776       2.00000000000000004E-002
  2.99999999999999989E-002  0.99955003374898754       2.99999999999999989E-002
  4.00000000000000008E-002  0.99920010666097792       4.00000000000000008E-002
  5.00000000000000028E-002  0.99875026039496628       5.00000000000000028E-002
  5.99999999999999978E-002  0.99820053993520419       5.99999999999999978E-002
  7.00000000000000067E-002  0.99755100025327959       7.00000000000000067E-002
  8.00000000000000017E-002  0.99680170630261944       8.00000000000000017E-002
  8.99999999999999967E-002  0.99595273301199427       8.99999999999999967E-002
  0.10000000000000001       0.99500416527802582       0.10000000000000001     
  0.11000000000000000       0.99395609795669682       0.11000000000000000     
  0.12000000000000000       0.99280863585386625       0.12000000000000000     
  0.13000000000000000       0.99156189371478809       0.13000000000000000     
  0.14000000000000001       0.99021599621263712       0.14000000000000001     
  0.14999999999999999       0.98877107793604224       0.14999999999999999     
  0.16000000000000000       0.98722728337562693       0.16000000000000000     
  0.17000000000000001       0.98558476690956076       0.17000000000000001     
  0.17999999999999999       0.98384369278812145       0.17999999999999999     
  0.19000000000000000       0.98200423511727031       0.19000000000000000     
  0.20000000000000001       0.98006657784124163       0.20000000000000001     
  0.20999999999999999       0.97803091472414827       0.20999999999999999     
  0.22000000000000000       0.97589744933060552       0.22000000000000000     
  0.23000000000000001       0.97366639500537489       0.23000000000000001     
  0.23999999999999999       0.97133797485202966       0.23999999999999999     
  0.25000000000000000       0.96891242171064473       0.25000000000000000     
  0.26000000000000001       0.96638997813451322       0.26000000000000001     
  0.27000000000000002       0.96377089636589053       0.27000000000000002     
  0.28000000000000003       0.96105543831077089       0.28000000000000003     
  0.28999999999999998       0.95824387551269719       0.28999999999999998     
  0.29999999999999999       0.95533648912560598       0.29999999999999999     
  0.31000000000000000       0.95233356988571338       0.31000000000000000     
  0.32000000000000001       0.94923541808244083       0.32000000000000001     
  0.33000000000000002       0.94604234352838701       0.33000000000000002     
  0.34000000000000002       0.94275466552834619       0.34000000000000002     
  0.35000000000000003       0.93937271284737889       0.35000000000000003     
  0.35999999999999999       0.93589682367793481       0.35999999999999999     
  0.37000000000000000       0.93232734560603447       0.37000000000000000     
  0.38000000000000000       0.92866463557651024       0.38000000000000000     
  0.39000000000000001       0.92490905985731309       0.39000000000000001     
  0.40000000000000002       0.92106099400288510       0.40000000000000002     
  0.41000000000000003       0.91712082281660512       0.41000000000000003     
  0.41999999999999998       0.91308894031230825       0.41999999999999998     
  0.42999999999999999       0.90896574967488508       0.42999999999999999     
  0.44000000000000000       0.90475166321996336       0.44000000000000000     
  0.45000000000000001       0.90044710235267689       0.45000000000000001     
  0.46000000000000002       0.89605249752552518       0.46000000000000002     
  0.47000000000000003       0.89156828819532896       0.47000000000000003     
  0.47999999999999998       0.88699492277928416       0.47999999999999998     
  0.48999999999999999       0.88233285861012145       0.48999999999999999     
  0.50000000000000000       0.87758256189037276       0.50000000000000000     
  0.51000000000000001       0.87274450764575129       0.51000000000000001     
  0.52000000000000002       0.86781917967764988       0.52000000000000002     
  0.53000000000000003       0.86280707051476102       0.53000000000000003     
  0.54000000000000004       0.85770868136382417       0.54000000000000004     
  0.55000000000000004       0.85252452205950568       0.55000000000000004     
  0.56000000000000005       0.84725511101341611       0.56000000000000005     
  0.57000000000000006       0.84190097516226869       0.57000000000000006     
  0.57999999999999996       0.83646264991518693       0.57999999999999996     
  0.58999999999999997       0.83094067910016356       0.58999999999999997     
  0.59999999999999998       0.82533561490967833       0.59999999999999998     
  0.60999999999999999       0.81964801784547947       0.60999999999999999     
  0.62000000000000000       0.81387845666253389       0.62000000000000000     
  0.63000000000000000       0.80802750831215187       0.63000000000000000     
  0.64000000000000001       0.80209575788429266       0.64000000000000001     
  0.65000000000000002       0.79608379854905587       0.65000000000000002     
  0.66000000000000003       0.78999223149736508       0.66000000000000003     
  0.67000000000000004       0.78382166588084923       0.67000000000000004     
  0.68000000000000005       0.77757271875092793       0.68000000000000005     
  0.69000000000000006       0.77124601499710654       0.69000000000000006     
  0.70000000000000007       0.76484218728448838       0.70000000000000007     
  0.70999999999999996       0.75836187599050819       0.70999999999999996     
  0.71999999999999997       0.75180572914089505       0.71999999999999997     
  0.72999999999999998       0.74517440234487042       0.72999999999999998     
  0.73999999999999999       0.73846855872958794       0.73999999999999999     
  0.75000000000000000       0.73168886887382090       0.75000000000000000     
  0.76000000000000001       0.72483601074090520       0.76000000000000001     
  0.77000000000000002       0.71791066961094330       0.77000000000000002     
  0.78000000000000003       0.71091353801227730       0.78000000000000003     
  0.79000000000000004       0.70384531565223607       0.79000000000000004     
  0.80000000000000004       0.69670670934716539       0.80000000000000004     
  0.81000000000000005       0.68949843295174695       0.81000000000000005     
  0.82000000000000006       0.68222120728761348       0.82000000000000006     
  0.83000000000000007       0.67487576007126704       0.83000000000000007     
  0.83999999999999997       0.66746282584130812       0.83999999999999997     
  0.84999999999999998       0.65998314588498219       0.84999999999999998     
  0.85999999999999999       0.65243746816405190       0.85999999999999999     
  0.87000000000000000       0.64482654724000121       0.87000000000000000     
  0.88000000000000000       0.63715114419858021       0.88000000000000000     
  0.89000000000000001       0.62941202657369688       0.89000000000000001     
  0.90000000000000002       0.62160996827066439       0.90000000000000002     
  0.91000000000000003       0.61374574948881155       0.91000000000000003     
  0.92000000000000004       0.60582015664346278       0.92000000000000004     
  0.93000000000000005       0.59783398228729823       0.93000000000000005     
  0.94000000000000006       0.58978802503109817       0.94000000000000006     
  0.95000000000000007       0.58168308946388347       0.95000000000000007     
  0.95999999999999996       0.57351998607245669       0.95999999999999996     
  0.96999999999999997       0.56529953116035436       0.96999999999999997     
  0.97999999999999998       0.55702254676621732       0.97999999999999998     
  0.98999999999999999       0.54868986058158753       0.98999999999999999     
   1.0000000000000000       0.54030230586813977        1.0000000000000000     
   1.0100000000000000       0.53186072137435547        1.0100000000000000     
   1.0200000000000000       0.52336595125164953        1.0200000000000000     
   1.0300000000000000       0.51481884496995534        1.0300000000000000     
   1.0400000000000000       0.50622025723277841        1.0400000000000000     
   1.0500000000000000       0.49757104789172696        1.0500000000000000     
   1.0600000000000001       0.48887208186052750        1.0600000000000001     
   1.0700000000000001       0.48012422902853408        1.0700000000000001     
   1.0800000000000001       0.47132836417373997        1.0800000000000001     
   1.0900000000000001       0.46248536687530079        1.0900000000000001     
   1.1000000000000001       0.45359612142557731        1.1000000000000001     
   1.1100000000000001       0.44466151674170679        1.1100000000000001     
   1.1200000000000001       0.43568244627671210        1.1200000000000001     
   1.1300000000000001       0.42665980793015723        1.1300000000000001     
   1.1400000000000001       0.41759450395835795        1.1400000000000001     
   1.1500000000000001       0.40848744088415717        1.1500000000000001     
   1.1599999999999999       0.39933952940627321        1.1599999999999999     
   1.1699999999999999       0.39015168430823027        1.1699999999999999     
   1.1799999999999999       0.38092482436688185        1.1799999999999999     
   1.1899999999999999       0.37165987226053299        1.1899999999999999     
   1.2000000000000000       0.36235775447667362        1.2000000000000000     
   1.2100000000000000       0.35301940121933040        1.2100000000000000     
   1.2200000000000000       0.34364574631604705        1.2200000000000000     
   1.2300000000000000       0.33423772712450261        1.2300000000000000     
   1.2400000000000000       0.32479628443877623        1.2400000000000000     
   1.2500000000000000       0.31532236239526867        1.2500000000000000     
   1.2600000000000000       0.30581690837828934        1.2600000000000000     
   1.2700000000000000       0.29628087292531874        1.2700000000000000     
   1.2800000000000000       0.28671520963195551        1.2800000000000000     
   1.2900000000000000       0.27712087505655758        1.2900000000000000     
   1.3000000000000000       0.26749882862458735        1.3000000000000000     
   1.3100000000000001       0.25785003253266964        1.3100000000000001     
   1.3200000000000001       0.24817545165237290        1.3200000000000001     
   1.3300000000000001       0.23847605343372313        1.3300000000000001     
   1.3400000000000001       0.22875280780845939        1.3400000000000001     
   1.3500000000000001       0.21900668709304150        1.3500000000000001     
   1.3600000000000001       0.20923866589141926        1.3600000000000001     
   1.3700000000000001       0.19944972099757285        1.3700000000000001     
   1.3800000000000001       0.18964083129783424        1.3800000000000001     
   1.3900000000000001       0.17981297767299936        1.3900000000000001     
   1.4000000000000001       0.16996714290024081        1.4000000000000001     
   1.4099999999999999       0.16010431155483126        1.4099999999999999     
   1.4199999999999999       0.15022546991168584        1.4199999999999999     
   1.4299999999999999       0.14033160584673673        1.4299999999999999     
   1.4399999999999999       0.13042370873814554        1.4399999999999999     
   1.4500000000000000       0.12050276936736662        1.4500000000000000     
   1.4600000000000000       0.11056977982006959        1.4600000000000000     
   1.4700000000000000       0.10062573338693173        1.4700000000000000     
   1.4800000000000000       9.06716244643096803E-002   1.4800000000000000     
   1.4900000000000000       8.07084484548006298E-002   1.4900000000000000     
   1.5000000000000000       7.07372016677029064E-002   1.5000000000000000     
   1.5100000000000000       6.07588812193858990E-002   1.5100000000000000     
   1.5200000000000000       5.07744849335791809E-002   1.5200000000000000     
   1.5300000000000000       4.07850112415910349E-002   1.5300000000000000     
   1.5400000000000000       3.07914590824661209E-002   1.5400000000000000     
   1.5500000000000000       2.07948278030924277E-002   1.5500000000000000     
   1.5600000000000001       1.07961170582673918E-002   1.5600000000000001     
   1.5700000000000001       7.96326710733263345E-004   1.5700000000000001     
   1.5800000000000001      -9.20354326880833649E-003   1.5800000000000001     
   1.5900000000000001      -1.92024929016926492E-002   1.5900000000000001     
   1.6000000000000001      -2.91995223012888154E-002   1.6000000000000001     
   1.6100000000000001      -3.91936317729877082E-002   1.6100000000000001     
   1.6200000000000001      -4.91838219141705543E-002   1.6200000000000001     
   1.6300000000000001      -5.91690937141483575E-002   1.6300000000000001     
   1.6400000000000001      -6.91484486540621668E-002   1.6400000000000001     
   1.6500000000000001      -7.91208888067340826E-002   1.6500000000000001     
   1.6600000000000001      -8.90854169364591886E-002   1.6600000000000001     
   1.6699999999999999      -9.90410365987280106E-002   1.6699999999999999     
   1.6799999999999999      -0.10898675223987112        1.6799999999999999     
   1.6899999999999999      -0.11892156929661223        1.6899999999999999     
   1.7000000000000000      -0.12884449429552464        1.7000000000000000     
   1.7100000000000000      -0.13875453495237755        1.7100000000000000     
   1.7200000000000000      -0.14865070027136365        1.7200000000000000     
   1.7300000000000000      -0.15853200064419776        1.7300000000000000     
   1.7400000000000000      -0.16839744794907702        1.7400000000000000     
   1.7500000000000000      -0.17824605564949209        1.7500000000000000     
   1.7600000000000000      -0.18807683889288010        1.7600000000000000     
   1.7700000000000000      -0.19788881460910901        1.7700000000000000     
   1.7800000000000000      -0.20768100160878381        1.7800000000000000     
   1.7900000000000000      -0.21745242068136464        1.7900000000000000     
   1.8000000000000000      -0.22720209469308711        1.8000000000000000     
   1.8100000000000001      -0.23692904868467468        1.8100000000000001     
   1.8200000000000001      -0.24663230996883403        1.8200000000000001     
   1.8300000000000001      -0.25631090822752273        1.8300000000000001     
   1.8400000000000001      -0.26596387560898038        1.8400000000000001     
   1.8500000000000001      -0.27559024682451294        1.8500000000000001     
   1.8600000000000001      -0.28518905924502086        1.8600000000000001     
   1.8700000000000001      -0.29475935299726103        1.8700000000000001     
   1.8800000000000001      -0.30430017105983342        1.8800000000000001     
   1.8900000000000001      -0.31381055935888247        1.8900000000000001     
   1.9000000000000001      -0.32328956686350357        1.9000000000000001     
   1.9100000000000001      -0.33273624568084537        1.9100000000000001     
   1.9199999999999999      -0.34214965115089818        1.9199999999999999     
   1.9299999999999999      -0.35152884194095985        1.9299999999999999     
   1.9399999999999999      -0.36087288013976715        1.9399999999999999     
   1.9500000000000000      -0.37018083135128688        1.9500000000000000     
   1.9600000000000000      -0.37945176478815451        1.9600000000000000     
   1.9700000000000000      -0.38868475336475200        1.9700000000000000     
   1.9800000000000000      -0.39787887378991599        1.9800000000000000     
   1.9900000000000000      -0.40703320665926551        1.9900000000000000     
   2.0000000000000000      -0.41614683654714241        2.0000000000000000     
   2.0100000000000002      -0.42521885209815258        2.0100000000000002     
   2.0200000000000000      -0.43424834611830049        2.0200000000000000     
   2.0300000000000002      -0.44323441566570931        2.0300000000000002     
   2.0400000000000000      -0.45217616214091194        2.0400000000000000     
   2.0499999999999998      -0.46107269137671275        2.0499999999999998     
   2.0600000000000001      -0.46992311372760220        2.0600000000000001     
   2.0699999999999998      -0.47872654415871979        2.0699999999999998     
   2.0800000000000001      -0.48748210233435940        2.0800000000000001     
   2.0899999999999999      -0.49618891270599885        2.0899999999999999     
   2.1000000000000001      -0.50484610459985757        2.1000000000000001     
   2.1099999999999999      -0.51345281230395945        2.1099999999999999     
   2.1200000000000001      -0.52200817515470732        2.1200000000000001     
   2.1299999999999999      -0.53051133762294478        2.1299999999999999     
   2.1400000000000001      -0.53896144939951152        2.1400000000000001     
   2.1499999999999999      -0.54735766548027098        2.1499999999999999     
   2.1600000000000001      -0.55569914625061267        2.1600000000000001     
   2.1699999999999999      -0.56398505756941009        2.1699999999999999     
   2.1800000000000002      -0.57221457085243688        2.1800000000000002     
   2.1899999999999999      -0.58038686315522192        2.1899999999999999     
   2.2000000000000002      -0.58850111725534582        2.2000000000000002     
   2.2100000000000000      -0.59655652173415985        2.2100000000000000     
   2.2200000000000002      -0.60455227105792964        2.2200000000000002     
   2.2300000000000000      -0.61248756565838514        2.2300000000000000     
   2.2400000000000002      -0.62036161201267981        2.2400000000000002     
   2.2500000000000000      -0.62817362272273913        2.2500000000000000     
   2.2600000000000002      -0.63592281659400274        2.2600000000000002     
   2.2700000000000000      -0.64360841871354058        2.2700000000000000     
   2.2800000000000002      -0.65122966052754594        2.2800000000000002     
   2.2900000000000000      -0.65878577991818776        2.2900000000000000     
   2.3000000000000003      -0.66627602127982444        2.3000000000000003     
   2.3100000000000001      -0.67369963559456092        2.3100000000000001     
   2.3199999999999998      -0.68105588050715249        2.3199999999999998     
   2.3300000000000001      -0.68834402039923837        2.3300000000000001     
   2.3399999999999999      -0.69556332646290209        2.3399999999999999     
   2.3500000000000001      -0.70271307677355399        2.3500000000000001     
   2.3599999999999999      -0.70979255636212046        2.3599999999999999     
   2.3700000000000001      -0.71680105728654286        2.3700000000000001     
   2.3799999999999999      -0.72373787870256856        2.3799999999999999     
   2.3900000000000001      -0.73060232693383720        2.3900000000000001     
   2.3999999999999999      -0.73739371554124544        2.3999999999999999     
   2.4100000000000001      -0.74411136539159251        2.4100000000000001     
   2.4199999999999999      -0.75075460472549094        2.4199999999999999     
   2.4300000000000002      -0.75732276922454378        2.4300000000000002     
   2.4399999999999999      -0.76381520207777409        2.4399999999999999     
   2.4500000000000002      -0.77023125404730741        2.4500000000000002     
   2.4600000000000000      -0.77657028353329305        2.4600000000000000     
   2.4700000000000002      -0.78283165663806531        2.4700000000000002     
   2.4800000000000000      -0.78901474722953113        2.4800000000000000     
   2.4900000000000002      -0.79511893700378433        2.4900000000000002     
   2.5000000000000000      -0.80114361554693370        2.5000000000000000     
   2.5100000000000002      -0.80708818039614616        2.5100000000000002     
   2.5200000000000000      -0.81295203709988995        2.5200000000000000     
   2.5300000000000002      -0.81873459927738190        2.5300000000000002     
   2.5400000000000000      -0.82443528867722227        2.5400000000000000     
   2.5500000000000003      -0.83005353523522241        2.5500000000000003     
   2.5600000000000001      -0.83558877713140767        2.5600000000000001     
   2.5699999999999998      -0.84104046084620143        2.5699999999999998     
   2.5800000000000001      -0.84640804121577562        2.5800000000000001     
   2.5899999999999999      -0.85169098148656563        2.5899999999999999     
   2.6000000000000001      -0.85688875336894732        2.6000000000000001     
   2.6099999999999999      -0.86200083709006348        2.6099999999999999     
   2.6200000000000001      -0.86702672144580240        2.6200000000000001     
   2.6299999999999999      -0.87196590385191652        2.6299999999999999     
   2.6400000000000001      -0.87681789039428149        2.6400000000000001     
   2.6499999999999999      -0.88158219587828590        2.6499999999999999     
   2.6600000000000001      -0.88625834387735203        2.6600000000000001     
   2.6699999999999999      -0.89084586678057642        2.6699999999999999     
   2.6800000000000002      -0.89534430583949209        2.6800000000000002     
   2.6899999999999999      -0.89975321121394136        2.6899999999999999     
   2.7000000000000002      -0.90407214201706121        2.7000000000000002     
   2.7100000000000000      -0.90830066635937012        2.7100000000000000     
   2.7200000000000002      -0.91243836139195800        2.7200000000000002     
   2.7300000000000000      -0.91648481334876930        2.7300000000000000     
   2.7400000000000002      -0.92043961758798065        2.7400000000000002     
   2.7500000000000000      -0.92430237863246356        2.7500000000000000     
   2.7600000000000002      -0.92807271020933269        2.7600000000000002     
   2.7700000000000000      -0.93175023528857215        2.7700000000000000     
   2.7800000000000002      -0.93533458612073883        2.7800000000000002     
   2.7900000000000000      -0.93882540427373617        2.7900000000000000     
   2.8000000000000003      -0.94222234066865829        2.8000000000000003     
   2.8100000000000001      -0.94552505561469591        2.8100000000000001     
   2.8199999999999998      -0.94873321884310702        2.8199999999999998     
   2.8300000000000001      -0.95184650954024241        2.8300000000000001     
   2.8399999999999999      -0.95486461637962639        2.8399999999999999     
   2.8500000000000001      -0.95778723755309036        2.8500000000000001     
   2.8599999999999999      -0.96061408080095223        2.8599999999999999     
   2.8700000000000001      -0.96334486344124326        2.8700000000000001     
   2.8799999999999999      -0.96597931239797474        2.8799999999999999     
   2.8900000000000001      -0.96851716422844658        2.8900000000000001     
   2.8999999999999999      -0.97095816514959055        2.8999999999999999     
   2.9100000000000001      -0.97330207106334865        2.9100000000000001     
   2.9199999999999999      -0.97554864758108262        2.9199999999999999     
   2.9300000000000002      -0.97769767004701325        2.9300000000000002     
   2.9399999999999999      -0.97974892356068422        2.9399999999999999     
   2.9500000000000002      -0.98170220299845412        2.9500000000000002     
   2.9600000000000000      -0.98355731303400640        2.9600000000000000     
   2.9700000000000002      -0.98531406815788380        2.9700000000000002     
   2.9800000000000000      -0.98697229269603759        2.9800000000000000     
   2.9900000000000002      -0.98853182082739599        2.9900000000000002     
   3.0000000000000000      -0.98999249660044542        3.0000000000000000     
   3.0100000000000002      -0.99135417394882586        3.0100000000000002     
   3.0200000000000000      -0.99261671670593710        3.0200000000000000     
   3.0300000000000002      -0.99377999861855559        3.0300000000000002     
   3.0400000000000000      -0.99484390335945949        3.0400000000000000     
   3.0500000000000003      -0.99580832453906121        3.0500000000000003     
   3.0600000000000001      -0.99667316571604658        3.0600000000000001     
   3.0700000000000003      -0.99743834040701851        3.0700000000000003     
   3.0800000000000001      -0.99810377209514567        3.0800000000000001     
   3.0899999999999999      -0.99866939423781353        3.0899999999999999     
   3.1000000000000001      -0.99913515027327948        3.1000000000000001     
   3.1099999999999999      -0.99950099362632783        3.1099999999999999     
   3.1200000000000001      -0.99976688771292832        3.1200000000000001     
   3.1299999999999999      -0.99993280594389389        3.1299999999999999     
   3.1400000000000001      -0.99999873172753950        3.1400000000000001     
   3.1499999999999999      -0.99996465847134197        3.1499999999999999     
   3.1600000000000001      -0.99983058958259829        3.1600000000000001     
   3.1699999999999999      -0.99959653846808583        3.1699999999999999     
   3.1800000000000002      -0.99926252853272091        3.1800000000000002     
   3.1899999999999999      -0.99882859317721862        3.1899999999999999     
   3.2000000000000002      -0.99829477579475312        3.2000000000000002     
   3.2100000000000000      -0.99766112976661758        3.2100000000000000     
   3.2200000000000002      -0.99692771845688688        3.2200000000000002     
   3.2300000000000000      -0.99609461520608089        3.2300000000000000     
   3.2400000000000002      -0.99516190332383037        3.2400000000000002     
   3.2500000000000000      -0.99412967608054625        3.2500000000000000     
   3.2600000000000002      -0.99299803669809261        3.2600000000000002     
   3.2700000000000000      -0.99176709833946497        3.2700000000000000     
   3.2800000000000002      -0.99043698409747305        3.2800000000000002     
   3.2900000000000000      -0.98900782698243284        3.2900000000000000     
   3.3000000000000003      -0.98747976990886488        3.3000000000000003     
   3.3100000000000001      -0.98585296568120306        3.3100000000000001     
   3.3200000000000003      -0.98412757697851450        3.3200000000000003     
   3.3300000000000001      -0.98230377633823174        3.3300000000000001     
   3.3399999999999999      -0.98038174613889884        3.3399999999999999     
   3.3500000000000001      -0.97836167858193412        3.3500000000000001     
   3.3599999999999999      -0.97624377567240994        3.3599999999999999     
   3.3700000000000001      -0.97402824919885211        3.3700000000000001     
   3.3799999999999999      -0.97171532071206212        3.3799999999999999     
   3.3900000000000001      -0.96930522150296083        3.3900000000000001     
   3.3999999999999999      -0.96679819257946109        3.3999999999999999     
   3.4100000000000001      -0.96419448464236568        3.4100000000000001     
   3.4199999999999999      -0.96149435806029881        3.4199999999999999     
   3.4300000000000002      -0.95869808284366853        3.4300000000000002     
   3.4399999999999999      -0.95580593861766638        3.4399999999999999     
   3.4500000000000002      -0.95281821459430471        3.4500000000000002     
   3.4600000000000000      -0.94973520954349622        3.4600000000000000     
   3.4700000000000002      -0.94655723176317652        3.4700000000000002     
   3.4800000000000000      -0.94328459904847584        3.4800000000000000     
   3.4900000000000002      -0.93991763865993794        3.4900000000000002     
   3.5000000000000000      -0.93645668729079634        3.5000000000000000     
   3.5100000000000002      -0.93290209103330346        3.5100000000000002     
   3.5200000000000000      -0.92925420534412329        3.5200000000000000     
   3.5300000000000002      -0.92551339500878438        3.5300000000000002     
   3.5400000000000000      -0.92168003410520338        3.5400000000000000     
   3.5500000000000003      -0.91775450596627584        3.5500000000000003     
   3.5600000000000001      -0.91373720314154472        3.5600000000000001     
   3.5700000000000003      -0.90962852735794431        3.5700000000000003     
   3.5800000000000001      -0.90542888947962963        3.5800000000000001     
   3.5899999999999999      -0.90113870946688857        3.5899999999999999     
   3.6000000000000001      -0.89675841633414699        3.6000000000000001     
   3.6099999999999999      -0.89228844810706842        3.6099999999999999     
   3.6200000000000001      -0.88772925177875006        3.6200000000000001     
   3.6299999999999999      -0.88308128326502611        3.6299999999999999     
   3.6400000000000001      -0.87834500735887400        3.6400000000000001     
   3.6499999999999999      -0.87352089768393792        3.6499999999999999     
   3.6600000000000001      -0.86860943664716483        3.6600000000000001     
   3.6699999999999999      -0.86361111539056612        3.6699999999999999     
   3.6800000000000002      -0.85852643374210169        3.6800000000000002     
   3.6899999999999999      -0.85335590016569951        3.6899999999999999     
   3.7000000000000002      -0.84810003171040804        3.7000000000000002     
   3.7100000000000000      -0.84275935395869350        3.7100000000000000     
   3.7200000000000002      -0.83733440097388001        3.7200000000000002     
   3.7300000000000000      -0.83182571524674565        3.7300000000000000     
   3.7400000000000002      -0.82623384764127217        3.7400000000000002     
   3.7500000000000000      -0.82055935733956076        3.7500000000000000     
   3.7600000000000002      -0.81480281178591230        3.7600000000000002     
   3.7700000000000000      -0.80896478663008553        3.7700000000000000     
   3.7800000000000002      -0.80304586566973057        3.7800000000000002     
   3.7900000000000000      -0.79704664079201171        3.7900000000000000     
   3.8000000000000003      -0.79096771191441650        3.8000000000000003     
   3.8100000000000001      -0.78480968692476782        3.8100000000000001     
   3.8200000000000003      -0.77857318162043221        3.8200000000000003     
   3.8300000000000001      -0.77225881964674370        3.8300000000000001     
   3.8399999999999999      -0.76586723243463739        3.8399999999999999     
   3.8500000000000001      -0.75939905913750783        3.8500000000000001     
   3.8599999999999999      -0.75285494656729535        3.8599999999999999     
   3.8700000000000001      -0.74623554912980283        3.8700000000000001     
   3.8799999999999999      -0.73954152875925849        3.8799999999999999     
   3.8900000000000001      -0.73277355485212048        3.8900000000000001     
   3.8999999999999999      -0.72593230420014021        3.8999999999999999     
   3.9100000000000001      -0.71901846092268118        3.9100000000000001     
   3.9199999999999999      -0.71203271639831012        3.9199999999999999     
   3.9300000000000002      -0.70497576919565763        3.9300000000000002     
   3.9399999999999999      -0.69784832500356375        3.9399999999999999     
   3.9500000000000002      -0.69065109656050760        3.9500000000000002     
   3.9600000000000000      -0.68338480358333620        3.9600000000000000     
   3.9700000000000002      -0.67605017269529177        3.9700000000000002     
   3.9800000000000000      -0.66864793735335126        3.9800000000000000     
   3.9900000000000002      -0.66117883777487996        3.9900000000000002     
   4.0000000000000000      -0.65364362086361194        4.0000000000000000     
   4.0099999999999998      -0.64604304013495872        4.0099999999999998     
   4.0200000000000005      -0.63837785564065885        4.0200000000000005     
   4.0300000000000002      -0.63064883389277526        4.0300000000000002     
   4.0400000000000000      -0.62285674778704148        4.0400000000000000     
   4.0499999999999998      -0.61500237652557443        4.0499999999999998     
   4.0600000000000005      -0.60708650553895449        4.0600000000000005     
   4.0700000000000003      -0.59910992640768501        4.0700000000000003     
   4.0800000000000001      -0.59107343678303137        4.0800000000000001     
   4.0899999999999999      -0.58297784030725908        4.0899999999999999     
   4.0999999999999996      -0.57482394653326918        4.0999999999999996     
   4.1100000000000003      -0.56661257084364369        4.1100000000000003     
   4.1200000000000001      -0.55834453436911002        4.1200000000000001     
   4.1299999999999999      -0.55002066390642512        4.1299999999999999     
   4.1399999999999997      -0.54164179183569860        4.1399999999999997     
   4.1500000000000004      -0.53320875603715434        4.1500000000000004     
   4.1600000000000001      -0.52472239980734636        4.1600000000000001     
   4.1699999999999999      -0.51618357177482477        4.1699999999999999     
   4.1799999999999997      -0.50759312581527727        4.1799999999999997     
   4.1900000000000004      -0.49895192096614033        4.1900000000000004     
   4.2000000000000002      -0.49026082134069943        4.2000000000000002     
   4.2100000000000000      -0.48152069604167380        4.2100000000000000     
   4.2199999999999998      -0.47273241907430985        4.2199999999999998     
   4.2300000000000004      -0.46389686925898010        4.2300000000000004     
   4.2400000000000002      -0.45501493014330469        4.2400000000000002     
   4.2500000000000000      -0.44608748991379282        4.2500000000000000     
   4.2599999999999998      -0.43711544130702784        4.2599999999999998     
   4.2700000000000005      -0.42809968152039307        4.2700000000000005     
   4.2800000000000002      -0.41904111212235556        4.2800000000000002     
   4.2900000000000000      -0.40994063896230559        4.2900000000000000     
   4.2999999999999998      -0.40079917207997545        4.2999999999999998     
   4.3100000000000005      -0.39161762561443469        4.3100000000000005     
   4.3200000000000003      -0.38239691771268025        4.3200000000000003     
   4.3300000000000001      -0.37313797043781760        4.3300000000000001     
   4.3399999999999999      -0.36384170967685842        4.3399999999999999     
   4.3500000000000005      -0.35450906504813112        4.3500000000000005     
   4.3600000000000003      -0.34514096980832309        4.3600000000000003     
   4.3700000000000001      -0.33573836075915076        4.3700000000000001     
   4.3799999999999999      -0.32630217815368351        4.3799999999999999     
   4.3899999999999997      -0.31683336560231851        4.3899999999999997     
   4.4000000000000004      -0.30733286997841935        4.4000000000000004     
   4.4100000000000001      -0.29780164132363307        4.4100000000000001     
   4.4199999999999999      -0.28824063275288159        4.4199999999999999     
   4.4299999999999997      -0.27865080035905460        4.4299999999999997     
   4.4400000000000004      -0.26903310311739903        4.4400000000000004     
   4.4500000000000002      -0.25938850278962611        4.4500000000000002     
   4.4600000000000000      -0.24971796382773062        4.4600000000000000     
   4.4699999999999998      -0.24002245327754992        4.4699999999999998     
   4.4800000000000004      -0.23030294068205867        4.4800000000000004     
   4.4900000000000002      -0.22056039798441854        4.4900000000000002     
   4.5000000000000000      -0.21079579943077970        4.5000000000000000     
   4.5099999999999998      -0.20101012147286038        4.5099999999999998     
   4.5200000000000005      -0.19120434267030076        4.5200000000000005     
   4.5300000000000002      -0.18137944359281138        4.5300000000000002     
   4.5400000000000000      -0.17153640672211179        4.5400000000000000     
   4.5499999999999998      -0.16167621635368651        4.5499999999999998     
   4.5600000000000005      -0.15179985849835470        4.5600000000000005     
   4.5700000000000003      -0.14190832078367338        4.5700000000000003     
   4.5800000000000001      -0.13200259235517026        4.5800000000000001     
   4.5899999999999999      -0.12208366377743342        4.5899999999999999     
   4.6000000000000005      -0.11215252693505398        4.6000000000000005     
   4.6100000000000003      -0.10221017493344206        4.6100000000000003     
   4.6200000000000001      -9.22576019995116625E-002   4.6200000000000001     
   4.6299999999999999      -8.22958033822623752E-002   4.6299999999999999     
   4.6399999999999997      -7.23257752532544818E-002   4.6399999999999997     
   4.6500000000000004      -6.23485146069916590E-002   4.6500000000000004     
   4.6600000000000001      -5.23650191612259341E-002   4.6600000000000001     
   4.6699999999999999      -4.23762872571814622E-002   4.6699999999999999     
   4.6799999999999997      -3.23833177597247293E-002   4.6799999999999997     
   4.6900000000000004      -2.23871099574771450E-002   4.6900000000000004     
   4.7000000000000002      -1.23886634628905604E-002   4.7000000000000002     
   4.7100000000000000      -2.38897811228153860E-003   4.7100000000000000     
   4.7199999999999998       7.61094613414790237E-003   4.7199999999999998     
   4.7300000000000004       1.76101092923072501E-002   4.7300000000000004     
   4.7400000000000002       2.76075114542115203E-002   4.7400000000000002     
   4.7500000000000000       3.76021528879765532E-002   4.7500000000000000     
   4.7599999999999998       4.75930341377878152E-002   4.7599999999999998     
   4.7700000000000005       5.75791561238469113E-002   4.7700000000000005     
   4.7800000000000002       6.75595202422751978E-002   4.7800000000000002     
   4.7900000000000000       7.75331284649786873E-002   4.7900000000000000     
   4.7999999999999998       8.74989834394463983E-002   4.7999999999999998     
   4.8100000000000005       9.74560885884866168E-002   4.8100000000000005     
   4.8200000000000003       0.10740344820988024        4.8200000000000003     
   4.8300000000000001       0.11734006757595546        4.8300000000000001     
   4.8399999999999999       0.12726495303305616        4.8399999999999999     
   4.8500000000000005       0.13717711210090816        4.8500000000000005     
   4.8600000000000003       0.14707555357186311        4.8600000000000003     
   4.8700000000000001       0.15695928761002342        4.8700000000000001     
   4.8799999999999999       0.16682732585022170        4.8799999999999999     
   4.8899999999999997       0.17667868149685725        4.8899999999999997     
   4.9000000000000004       0.18651236942257576        4.9000000000000004     
   4.9100000000000001       0.19632740626677758        4.9100000000000001     
   4.9199999999999999       0.20612281053395834        4.9199999999999999     
   4.9299999999999997       0.21589760269185415        4.9299999999999997     
   4.9400000000000004       0.22565080526939571        4.9400000000000004     
   4.9500000000000002       0.23538144295445118        4.9500000000000002     
   4.9600000000000000       0.24508854269136174        4.9600000000000000     
   4.9699999999999998       0.25477113377824295        4.9699999999999998     
   4.9800000000000004       0.26442824796405578        4.9800000000000004     
   4.9900000000000002       0.27405891954542744        4.9900000000000002     
   5.0000000000000000       0.28366218546322625        5.0000000000000000     
   5.0099999999999998       0.29323708539886312        5.0099999999999998     
   5.0200000000000005       0.30278266187032438        5.0200000000000005     
   5.0300000000000002       0.31229796032791579        5.0300000000000002     
   5.0400000000000000       0.32178202924972182        5.0400000000000000     
   5.0499999999999998       0.33123392023675369        5.0499999999999998     
   5.0600000000000005       0.34065268810779009        5.0600000000000005     
   5.0700000000000003       0.35003739099389114        5.0700000000000003     
   5.0800000000000001       0.35938709043258971        5.0800000000000001     
   5.0899999999999999       0.36870085146173320        5.0899999999999999     
   5.1000000000000005       0.37797774271298107        5.1000000000000005     
   5.1100000000000003       0.38721683650493721        5.1100000000000003     
   5.1200000000000001       0.39641720893592247        5.1200000000000001     
   5.1299999999999999       0.40557793997636071        5.1299999999999999     
   5.1399999999999997       0.41469811356078179        5.1399999999999997     
   5.1500000000000004       0.42377681767942821        5.1500000000000004     
   5.1600000000000001       0.43281314446945207        5.1600000000000001     
   5.1699999999999999       0.44180619030570545        5.1699999999999999     
   5.1799999999999997       0.45075505589109877        5.1799999999999997     
   5.1900000000000004       0.45965884634653181        5.1900000000000004     
   5.2000000000000002       0.46851667130037711        5.2000000000000002     
   5.2100000000000000       0.47732764497752167        5.2100000000000000     
   5.2199999999999998       0.48609088628794017        5.2199999999999998     
   5.2300000000000004       0.49480551891480506        5.2300000000000004     
   5.2400000000000002       0.50347067140211421        5.2400000000000002     
   5.2500000000000000       0.51208547724184073        5.2500000000000000     
   5.2599999999999998       0.52064907496057944        5.2599999999999998     
   5.2700000000000005       0.52916060820569566        5.2700000000000005     
   5.2800000000000002       0.53761922583095634        5.2800000000000002     
   5.2900000000000000       0.54602408198164831        5.2900000000000000     
   5.2999999999999998       0.55437433617916076        5.2999999999999998     
   5.3100000000000005       0.56266915340503310        5.3100000000000005     
   5.3200000000000003       0.57090770418445358        5.3200000000000003     
   5.3300000000000001       0.57908916466921045        5.3300000000000001     
   5.3399999999999999       0.58721271672007314        5.3399999999999999     
   5.3500000000000005       0.59527754798860677        5.3500000000000005     
   5.3600000000000003       0.60328285199840392        5.3600000000000003     
   5.3700000000000001       0.61122782822573518        5.3700000000000001     
   5.3799999999999999       0.61911168217959867        5.3799999999999999     
   5.3899999999999997       0.62693362548116893        5.3899999999999997     
   5.4000000000000004       0.63469287594263468        5.4000000000000004     
   5.4100000000000001       0.64238865764541442        5.4100000000000001     
   5.4199999999999999       0.65002020101775171        5.4199999999999999     
   5.4299999999999997       0.65758674291166896        5.4299999999999997     
   5.4400000000000004       0.66508752667928284        5.4400000000000004     
   5.4500000000000002       0.67252180224846592        5.4500000000000002     
   5.4600000000000000       0.67988882619785707        5.4600000000000000     
   5.4699999999999998       0.68718786183120062        5.4699999999999998     
   5.4800000000000004       0.69441817925101623        5.4800000000000004     
   5.4900000000000002       0.70157905543158605        5.4900000000000002     
   5.5000000000000000       0.70866977429125999        5.5000000000000000     
   5.5099999999999998       0.71568962676406100        5.5099999999999998     
   5.5200000000000005       0.72263791087059226        5.5200000000000005     
   5.5300000000000002       0.72951393178823198        5.5300000000000002     
   5.5400000000000000       0.73631700192061922        5.5400000000000000     
   5.5499999999999998       0.74304644096640993        5.5499999999999998     
   5.5600000000000005       0.74970157598730780        5.5600000000000005     
   5.5700000000000003       0.75628174147535554        5.5700000000000003     
   5.5800000000000001       0.76278627941948851        5.5800000000000001     
   5.5899999999999999       0.76921453937133266        5.5899999999999999     
   5.6000000000000005       0.77556587851025016        5.6000000000000005     
   5.6100000000000003       0.78183966170761876        5.6100000000000003     
   5.6200000000000001       0.78803526159034765        5.6200000000000001     
   5.6299999999999999       0.79415205860361127        5.6299999999999999     
   5.6399999999999997       0.80018944107280565        5.6399999999999997     
   5.6500000000000004       0.80614680526471572        5.6500000000000004     
   5.6600000000000001       0.81202355544788551        5.6600000000000001     
   5.6699999999999999       0.81781910395219448        5.6699999999999999     
   5.6799999999999997       0.82353287122762198        5.6799999999999997     
   5.6900000000000004       0.82916428590220226        5.6900000000000004     
   5.7000000000000002       0.83471278483915978        5.7000000000000002     
   5.7100000000000000       0.84017781319322504        5.7100000000000000     
   5.7199999999999998       0.84555882446611685        5.7199999999999998     
   5.7300000000000004       0.85085528056119253        5.7300000000000004     
   5.7400000000000002       0.85606665183725528        5.7400000000000002     
   5.7500000000000000       0.86119241716152084        5.7500000000000000     
   5.7599999999999998       0.86623206396172825        5.7599999999999998     
   5.7700000000000005       0.87118508827739749        5.7700000000000005     
   5.7800000000000002       0.87605099481022375        5.7800000000000002     
   5.7900000000000000       0.88082929697360901        5.7900000000000000     
   5.7999999999999998       0.88551951694131892        5.7999999999999998     
   5.8100000000000005       0.89012118569526555        5.8100000000000005     
   5.8200000000000003       0.89463384307240745        5.8200000000000003     
   5.8300000000000001       0.89905703781076785        5.8300000000000001     
   5.8399999999999999       0.90339032759455884        5.8399999999999999     
   5.8500000000000005       0.90763327909841351        5.8500000000000005     
   5.8600000000000003       0.91178546803071658        5.8600000000000003     
   5.8700000000000001       0.91584647917603523        5.8700000000000001     
   5.8799999999999999       0.91981590643663913        5.8799999999999999     
   5.8899999999999997       0.92369335287311005        5.8899999999999997     
   5.9000000000000004       0.92747843074403591        5.9000000000000004     
   5.9100000000000001       0.93117076154478307        5.9100000000000001     
   5.9199999999999999       0.93476997604534895        5.9199999999999999     
   5.9299999999999997       0.93827571432728252        5.9299999999999997     
   5.9400000000000004       0.94168762581967758        5.9400000000000004     
   5.9500000000000002       0.94500536933422752        5.9500000000000002     
   5.9600000000000000       0.94822861309934581        5.9600000000000000     
   5.9699999999999998       0.95135703479334199        5.9699999999999998     
   5.9800000000000004       0.95439032157665404        5.9800000000000004     
   5.9900000000000002       0.95732817012313076        5.9900000000000002     
   6.0000000000000000       0.96017028665036597        6.0000000000000000     
   6.0099999999999998       0.96291638694907544        6.0099999999999998     
   6.0200000000000005       0.96556619641151786        6.0200000000000005     
   6.0300000000000002       0.96811945005895472        6.0300000000000002     
   6.0400000000000000       0.97057589256814925        6.0400000000000000     
   6.0499999999999998       0.97293527829689741        6.0499999999999998     
   6.0600000000000005       0.97519737130859285        6.0600000000000005     
   6.0700000000000003       0.97736194539581900        6.0700000000000003     
   6.0800000000000001       0.97942878410297107        6.0800000000000001     
   6.0899999999999999       0.98139768074790090        6.0899999999999999     
   6.1000000000000005       0.98326843844258471        6.1000000000000005     
   6.1100000000000003       0.98504087011281172        6.1100000000000003     
   6.1200000000000001       0.98671479851689214        6.1200000000000001     
   6.1299999999999999       0.98829005626338040        6.1299999999999999     
   6.1400000000000006       0.98976648582781479        6.1400000000000006     
   6.1500000000000004       0.99114393956846902        6.1500000000000004     
   6.1600000000000001       0.99242227974111685        6.1600000000000001     
   6.1699999999999999       0.99360137851280639        6.1699999999999999     
   6.1799999999999997       0.99468111797464298        6.1799999999999997     
   6.1900000000000004       0.99566139015358046        6.1900000000000004     
   6.2000000000000002       0.99654209702321750        6.2000000000000002     
   6.2100000000000000       0.99732315051360121        6.2100000000000000     
   6.2199999999999998       0.99800447252003344        6.2199999999999998     
   6.2300000000000004       0.99858599491088129        6.2300000000000004     
   6.2400000000000002       0.99906765953439025        6.2400000000000002     
   6.2500000000000000       0.99944941822449940        6.2500000000000000     
   6.2599999999999998       0.99973123280565779        6.2599999999999998     
   6.2700000000000005       0.99991307509664229        6.2700000000000005     
   6.2800000000000002       0.99999492691337521        6.2800000000000002     
   6.2900000000000000       0.99997678007074309        6.2900000000000000     
   6.2999999999999998       0.99985863638341510        6.2999999999999998     
   6.3100000000000005       0.99964050766566159        6.3100000000000005     
   6.3200000000000003       0.99932241573017244        6.3200000000000003     
   6.3300000000000001       0.99890439238587614        6.3300000000000001     
   6.3399999999999999       0.99838647943475889        6.3399999999999999     
   6.3500000000000005       0.99776872866768407        6.3500000000000005     
   6.3600000000000003       0.99705120185921370        6.3600000000000003     
   6.3700000000000001       0.99623397076143061        6.3700000000000001     
   6.3799999999999999       0.99531711709676352        6.3799999999999999     
   6.3900000000000006       0.99430073254981499        6.3900000000000006     
   6.4000000000000004       0.99318491875819259        6.4000000000000004     
   6.4100000000000001       0.99196978730234586        6.4100000000000001     
   6.4199999999999999       0.99065545969440749        6.4199999999999999     
   6.4299999999999997       0.98924206736604325        6.4299999999999997     
   6.4400000000000004       0.98772975165530785        6.4400000000000004     
   6.4500000000000002       0.98611866379251256        6.4500000000000002     
   6.4600000000000000       0.98440896488510066        6.4600000000000000     
   6.4699999999999998       0.98260082590153841        6.4699999999999998     
   6.4800000000000004       0.98069442765421722        6.4800000000000004     
   6.4900000000000002       0.97868996078137327        6.4900000000000002     
   6.5000000000000000       0.97658762572802349        6.5000000000000000     
   6.5099999999999998       0.97438763272592122        6.5099999999999998     
   6.5200000000000005       0.97209020177253314        6.5200000000000005     
   6.5300000000000002       0.96969556260904044        6.5300000000000002     
   6.5400000000000000       0.96720395469736387        6.5400000000000000     
   6.5499999999999998       0.96461562719621807        6.5499999999999998     
   6.5600000000000005       0.96193083893619624        6.5600000000000005     
   6.5700000000000003       0.95914985839388722        6.5700000000000003     
   6.5800000000000001       0.95627296366502779        6.5800000000000001     
   6.5899999999999999       0.95330044243669332        6.5899999999999999     
   6.6000000000000005       0.95023259195852927        6.6000000000000005     
   6.6100000000000003       0.94706971901302750        6.6100000000000003     
   6.6200000000000001       0.94381213988484669        6.6200000000000001     
   6.6299999999999999       0.94046018032918477        6.6299999999999999     
   6.6400000000000006       0.93701417553920385        6.6400000000000006     
   6.6500000000000004       0.93347447011251183        6.6500000000000004     
   6.6600000000000001       0.92984141801670139        6.6600000000000001     
   6.6699999999999999       0.92611538255395454        6.6699999999999999     
   6.6799999999999997       0.92229673632471254        6.6799999999999997     
   6.6900000000000004       0.91838586119041576        6.6900000000000004     
   6.7000000000000002       0.91438314823531941        6.7000000000000002     
   6.7100000000000000       0.91028899772738281        6.7100000000000000     
   6.7199999999999998       0.90610381907824511        6.7199999999999998     
   6.7300000000000004       0.90182803080228324        6.7300000000000004     
   6.7400000000000002       0.89746206047476240        6.7400000000000002     
   6.7500000000000000       0.89300634468907669        6.7500000000000000     
   6.7599999999999998       0.88846132901309149        6.7599999999999998     
   6.7700000000000005       0.88382746794458655        6.7700000000000005     
   6.7800000000000002       0.87910522486580800        6.7800000000000002     
   6.7900000000000000       0.87429507199712808        6.7900000000000000     
   6.7999999999999998       0.86939749034982527        6.7999999999999998     
   6.8100000000000005       0.86441296967798253        6.8100000000000005     
   6.8200000000000003       0.85934200842951414        6.8200000000000003     
   6.8300000000000001       0.85418511369631878        6.8300000000000001     
   6.8399999999999999       0.84894280116357246        6.8399999999999999     
   6.8500000000000005       0.84361559505815908        6.8500000000000005     
   6.8600000000000003       0.83820402809625116        6.8600000000000003     
   6.8700000000000001       0.83270864143003465        6.8700000000000001     
   6.8799999999999999       0.82712998459359666        6.8799999999999999     
   6.8900000000000006       0.82146861544797145        6.8900000000000006     
   6.9000000000000004       0.81572510012535682        6.9000000000000004     
   6.9100000000000001       0.80990001297249836        6.9100000000000001     
   6.9199999999999999       0.80399393649325712        6.9199999999999999     
   6.9299999999999997       0.79800746129035927        6.9299999999999997     
   6.9400000000000004       0.79194118600633578        6.9400000000000004     
   6.9500000000000002       0.78579571726366104        6.9500000000000002     
   6.9600000000000000       0.77957166960408752        6.9600000000000000     
   6.9699999999999998       0.77326966542719444        6.9699999999999998     
   6.9800000000000004       0.76689033492814740        6.9800000000000004     
   6.9900000000000002       0.76043431603468115        6.9900000000000002     
   7.0000000000000000       0.75390225434330460        7.0000000000000000     
   7.0099999999999998       0.74729480305474361        7.0099999999999998     
   7.0200000000000005       0.74061262290862007        7.0200000000000005     
   7.0300000000000002       0.73385638211738136        7.0300000000000002     
   7.0400000000000000       0.72702675629947588        7.0400000000000000     
   7.0499999999999998       0.72012442841179414        7.0499999999999998     
   7.0600000000000005       0.71315008868137220        7.0600000000000005     
   7.0700000000000003       0.70610443453637262        7.0700000000000003     
   7.0800000000000001       0.69898817053633766        7.0800000000000001     
   7.0899999999999999       0.69180200830173733        7.0899999999999999     
   7.1000000000000005       0.68454666644280593        7.1000000000000005     
   7.1100000000000003       0.67722287048768459        7.1100000000000003     
   7.1200000000000001       0.66983135280986494        7.1200000000000001     
   7.1299999999999999       0.66237285255495526        7.1299999999999999     
   7.1400000000000006       0.65484811556676492        7.1400000000000006     
   7.1500000000000004       0.64725789431272363        7.1500000000000004     
   7.1600000000000001       0.63960294780863070        7.1600000000000001     
   7.1699999999999999       0.63188404154275768        7.1699999999999999     
   7.1799999999999997       0.62410194739929870        7.1799999999999997     
   7.1900000000000004       0.61625744358118228        7.1900000000000004     
   7.2000000000000002       0.60835131453225455        7.2000000000000002     
   7.2100000000000000       0.60038435085883135        7.2100000000000000     
   7.2199999999999998       0.59235734925064087        7.2199999999999998     
   7.2300000000000004       0.58427111240115415        7.2300000000000004     
   7.2400000000000002       0.57612644892731901        7.2400000000000002     
   7.2500000000000000       0.56792417328869482        7.2500000000000000     
   7.2599999999999998       0.55966510570601047        7.2599999999999998     
   7.2700000000000005       0.55135007207914066        7.2700000000000005     
   7.2800000000000002       0.54297990390452067        7.2800000000000002     
   7.2900000000000000       0.53455543819199192        7.2900000000000000     
   7.2999999999999998       0.52607751738110531        7.2999999999999998     
   7.3100000000000005       0.51754698925687637        7.3100000000000005     
   7.3200000000000003       0.50896470686501016        7.3200000000000003     
   7.3300000000000001       0.50033152842659334        7.3300000000000001     
   7.3399999999999999       0.49164831725227542        7.3399999999999999     
   7.3500000000000005       0.48291594165593704        7.3500000000000005     
   7.3600000000000003       0.47413527486786244        7.3600000000000003     
   7.3700000000000001       0.46530719494741252        7.3700000000000001     
   7.3799999999999999       0.45643258469522252        7.3799999999999999     
   7.3900000000000006       0.44751233156492143        7.3900000000000006     
   7.4000000000000004       0.43854732757439036        7.4000000000000004     
   7.4100000000000001       0.42953846921655670        7.4100000000000001     
   7.4199999999999999       0.42048665736974894        7.4199999999999999     
   7.4299999999999997       0.41139279720760857        7.4299999999999997     
   7.4400000000000004       0.40225779810857282        7.4400000000000004     
   7.4500000000000002       0.39308257356494075        7.4500000000000002     
   7.4600000000000000       0.38386804109151995        7.4600000000000000     
   7.4699999999999998       0.37461512213387888        7.4699999999999998     
   7.4800000000000004       0.36532474197620191        7.4800000000000004     
   7.4900000000000002       0.35599782964876436        7.4900000000000002     
   7.5000000000000000       0.34663531783502582        7.5000000000000000     
   7.5099999999999998       0.33723814277836556        7.5099999999999998     
   7.5200000000000005       0.32780724418845752        7.5200000000000005     
   7.5300000000000002       0.31834356514730322        7.5300000000000002     
   7.5400000000000000       0.30884805201491966        7.5400000000000000     
   7.5499999999999998       0.29932165433470709        7.5499999999999998     
   7.5600000000000005       0.28976532473849409        7.5600000000000005     
   7.5700000000000003       0.28018001885127836        7.5700000000000003     
   7.5800000000000001       0.27056669519566012        7.5800000000000001     
   7.5899999999999999       0.26092631509599379        7.5899999999999999     
   7.6000000000000005       0.25125984258225487        7.6000000000000005     
   7.6100000000000003       0.24156824429364110        7.6100000000000003     
   7.6200000000000001       0.23185248938190414        7.6200000000000001     
   7.6299999999999999       0.22211354941443878        7.6299999999999999     
   7.6400000000000006       0.21235239827712510        7.6400000000000006     
   7.6500000000000004       0.20257001207694433        7.6500000000000004     
   7.6600000000000001       0.19276736904436365        7.6600000000000001     
   7.6699999999999999       0.18294544943551747        7.6699999999999999     
   7.6799999999999997       0.17310523543418174        7.6799999999999997     
   7.6900000000000004       0.16324771105355565        7.6900000000000004     
   7.7000000000000002       0.15337386203786435        7.7000000000000002     
   7.7100000000000000       0.14348467576378041        7.7100000000000000     
   7.7199999999999998       0.13358114114169023        7.7199999999999998     
   7.7300000000000004       0.12366424851680227        7.7300000000000004     
   7.7400000000000002       0.11373498957011671        7.7400000000000002     
   7.7500000000000000       0.10379435721925297        7.7500000000000000     
   7.7599999999999998       9.38433455191623189E-002   7.7599999999999998     
   7.7700000000000005       8.38829495627213956E-002   7.7700000000000005     
   7.7800000000000002       7.39141653812273036E-002   7.7800000000000002     
   7.7900000000000000       6.39379898447900302E-002   7.7900000000000000     
   7.7999999999999998       5.39554205626497502E-002   7.7999999999999998     
   7.8100000000000005       4.39674557834150229E-002   7.8100000000000005     
   7.8200000000000003       3.39750942952422655E-002   7.8200000000000003     
   7.8300000000000001       2.39793353259524673E-002   7.8300000000000001     
   7.8399999999999999       1.39811784431127864E-002   7.8399999999999999     
   7.8500000000000005       3.98162345407885102E-003   7.8500000000000005     
   7.8600000000000003      -6.01832969398159723E-003   7.8600000000000003     
   7.8700000000000001      -1.60176810140879033E-002   7.8700000000000001     
   7.8799999999999999      -2.60154305794408278E-002   7.8799999999999999     
   7.8900000000000006      -3.60105786234161465E-002   7.8900000000000006     
   7.9000000000000004      -4.60021256395369491E-002   7.9000000000000004     
   7.9100000000000001      -5.59890724814287796E-002   7.9100000000000001     
   7.9199999999999999      -6.59704204627298701E-002   7.9199999999999999     
   7.9300000000000006      -7.59451714569607389E-002   7.9300000000000006     
   7.9400000000000004      -8.59123279973324633E-002   7.9400000000000004     
   7.9500000000000002      -9.58708933764978177E-002   7.9500000000000002     
   7.9600000000000000      -0.10581987174621767        7.9600000000000000     
   7.9699999999999998      -0.11575826821694583        7.9699999999999998     
   7.9800000000000004      -0.12568508895731809        7.9800000000000004     
   7.9900000000000002      -0.13559934129353093        7.9900000000000002     
   8.0000000000000000      -0.14550003380861354        8.0000000000000000     
   8.0099999999999998      -0.15538617644156488        8.0099999999999998     
   8.0199999999999996      -0.16525678058636012        8.0199999999999996     
   8.0299999999999994      -0.17511085919081024        8.0299999999999994     
   8.0400000000000009      -0.18494742685526827        8.0400000000000009     
   8.0500000000000007      -0.19476549993116135        8.0500000000000007     
   8.0600000000000005      -0.20456409661936539        8.0600000000000005     
   8.0700000000000003      -0.21434223706837699        8.0700000000000003     
   8.0800000000000001      -0.22409894347229967        8.0800000000000001     
   8.0899999999999999      -0.23383324016862364        8.0899999999999999     
   8.0999999999999996      -0.24354415373579111        8.0999999999999996     
   8.1099999999999994      -0.25323071309053780        8.1099999999999994     
   8.1200000000000010      -0.26289194958500206        8.1200000000000010     
   8.1300000000000008      -0.27252689710358197        8.1300000000000008     
   8.1400000000000006      -0.28213459215955655        8.1400000000000006     
   8.1500000000000004      -0.29171407399142651        8.1500000000000004     
   8.1600000000000001      -0.30126438465899158        8.1600000000000001     
   8.1699999999999999      -0.31078456913914360        8.1699999999999999     
   8.1799999999999997      -0.32027367542136798        8.1799999999999997     
   8.1899999999999995      -0.32973075460294404        8.1899999999999995     
   8.1999999999999993      -0.33915486098383452        8.1999999999999993     
   8.2100000000000009      -0.34854505216125642        8.2100000000000009     
   8.2200000000000006      -0.35790038912391375        8.2200000000000006     
   8.2300000000000004      -0.36721993634590805        8.2300000000000004     
   8.2400000000000002      -0.37650276188028331        8.2400000000000002     
   8.2500000000000000      -0.38574793745222180        8.2500000000000000     
   8.2599999999999998      -0.39495453855187063        8.2599999999999998     
   8.2699999999999996      -0.40412164452679195        8.2699999999999996     
   8.2799999999999994      -0.41324833867402755        8.2799999999999994     
   8.2900000000000009      -0.42233370833176981        8.2900000000000009     
   8.3000000000000007      -0.43137684497062079        8.3000000000000007     
   8.3100000000000005      -0.44037684428445428        8.3100000000000005     
   8.3200000000000003      -0.44933280628083883        8.3200000000000003     
   8.3300000000000001      -0.45824383537103802        8.3300000000000001     
   8.3399999999999999      -0.46710904045956869        8.3399999999999999     
   8.3499999999999996      -0.47592753503330965        8.3499999999999996     
   8.3599999999999994      -0.48469843725015221        8.3599999999999994     
   8.3700000000000010      -0.49342087002718538        8.3700000000000010     
   8.3800000000000008      -0.50209396112839688        8.3800000000000008     
   8.3900000000000006      -0.51071684325190592        8.3900000000000006     
   8.4000000000000004      -0.51928865411668557        8.4000000000000004     
   8.4100000000000001      -0.52780853654879278        8.4100000000000001     
   8.4199999999999999      -0.53627563856708405        8.4199999999999999     
   8.4299999999999997      -0.54468911346841342        8.4299999999999997     
   8.4399999999999995      -0.55304811991230207        8.4399999999999995     
   8.4499999999999993      -0.56135182200507150        8.4499999999999993     
   8.4600000000000009      -0.56959938938343335        8.4600000000000009     
   8.4700000000000006      -0.57778999729752012        8.4700000000000006     
   8.4800000000000004      -0.58592282669336704        8.4800000000000004     
   8.4900000000000002      -0.59399706429481214        8.4900000000000002     
   8.5000000000000000      -0.60201190268482363        8.5000000000000000     
   8.5099999999999998      -0.60996654038624154        8.5099999999999998     
   8.5199999999999996      -0.61786018194192460        8.5199999999999996     
   8.5299999999999994      -0.62569203799429518        8.5299999999999994     
   8.5400000000000009      -0.63346132536427613        8.5400000000000009     
   8.5500000000000007      -0.64116726712960181        8.5500000000000007     
   8.5600000000000005      -0.64880909270251885        8.5600000000000005     
   8.5700000000000003      -0.65638603790683814        8.5700000000000003     
   8.5800000000000001      -0.66389734505435327        8.5800000000000001     
   8.5899999999999999      -0.67134226302060884        8.5899999999999999     
   8.5999999999999996      -0.67872004732001245        8.5999999999999996     
   8.6099999999999994      -0.68602996018028217        8.6099999999999994     
   8.6200000000000010      -0.69327127061622495        8.6200000000000010     
   8.6300000000000008      -0.70044325450282885        8.6300000000000008     
   8.6400000000000006      -0.70754519464768328        8.6400000000000006     
   8.6500000000000004      -0.71457638086269193        8.6500000000000004     
   8.6600000000000001      -0.72153611003509277        8.6600000000000001     
   8.6699999999999999      -0.72842368619776809        8.6699999999999999     
   8.6799999999999997      -0.73523842059884137        8.6799999999999997     
   8.6899999999999995      -0.74197963177055137        8.6899999999999995     
   8.7000000000000011      -0.74864664559739991        8.7000000000000011     
   8.7100000000000009      -0.75523879538355754        8.7100000000000009     
   8.7200000000000006      -0.76175542191954038        8.7200000000000006     
   8.7300000000000004      -0.76819587354812535        8.7300000000000004     
   8.7400000000000002      -0.77455950622951664        8.7400000000000002     
   8.7500000000000000      -0.78084568360574913        8.7500000000000000     
   8.7599999999999998      -0.78705377706432356        8.7599999999999998     
   8.7699999999999996      -0.79318316580106751        8.7699999999999996     
   8.7799999999999994      -0.79923323688221515        8.7799999999999994     
   8.7900000000000009      -0.80520338530570112        8.7900000000000009     
   8.8000000000000007      -0.81109301406165601        8.8000000000000007     
   8.8100000000000005      -0.81690153419211331        8.8100000000000005     
   8.8200000000000003      -0.82262836484990043        8.8200000000000003     
   8.8300000000000001      -0.82827293335672392        8.8300000000000001     
   8.8399999999999999      -0.83383467526043686        8.8399999999999999     
   8.8499999999999996      -0.83931303439148375        8.8499999999999996     
   8.8599999999999994      -0.84470746291851662        8.8599999999999994     
   8.8700000000000010      -0.85001742140317915        8.8700000000000010     
   8.8800000000000008      -0.85524237885404586        8.8800000000000008     
   8.8900000000000006      -0.86038181277972681        8.8900000000000006     
   8.9000000000000004      -0.86543520924111228        8.9000000000000004     
   8.9100000000000001      -0.87040206290276712        8.9100000000000001     
   8.9199999999999999      -0.87528187708346450        8.9199999999999999     
   8.9299999999999997      -0.88007416380585257        8.9299999999999997     
   8.9399999999999995      -0.88477844384525273        8.9399999999999995     
   8.9500000000000011      -0.88939424677758216        8.9500000000000011     
   8.9600000000000009      -0.89392111102639238        8.9600000000000009     
   8.9700000000000006      -0.89835858390903167        8.9700000000000006     
   8.9800000000000004      -0.90270622168190984        8.9800000000000004     
   8.9900000000000002      -0.90696358958487244        8.9900000000000002     
   9.0000000000000000      -0.91113026188467694        9.0000000000000000     
   9.0099999999999998      -0.91520582191756583        9.0099999999999998     
   9.0199999999999996      -0.91918986213093179        9.0199999999999996     
   9.0299999999999994      -0.92308198412407383        9.0299999999999994     
   9.0400000000000009      -0.92688179868803644        9.0400000000000009     
   9.0500000000000007      -0.93058892584452846        9.0500000000000007     
   9.0600000000000005      -0.93420299488392433        9.0600000000000005     
   9.0700000000000003      -0.93772364440233158        9.0700000000000003     
   9.0800000000000001      -0.94115052233773244        9.0800000000000001     
   9.0899999999999999      -0.94448328600518905        9.0899999999999999     
   9.0999999999999996      -0.94772160213111190        9.0999999999999996     
   9.1099999999999994      -0.95086514688658696        9.1099999999999994     
   9.1200000000000010      -0.95391360591975893        9.1200000000000010     
   9.1300000000000008      -0.95686667438726380        9.1300000000000008     
   9.1400000000000006      -0.95972405698471608        9.1400000000000006     
   9.1500000000000004      -0.96248546797623735        9.1500000000000004     
   9.1600000000000001      -0.96515063122302946        9.1600000000000001     
   9.1699999999999999      -0.96771928021098885        9.1699999999999999     
   9.1799999999999997      -0.97019115807735723        9.1799999999999997     
   9.1899999999999995      -0.97256601763640771        9.1899999999999995     
   9.2000000000000011      -0.97484362140416403        9.2000000000000011     
   9.2100000000000009      -0.97702374162214645        9.2100000000000009     
   9.2200000000000006      -0.97910616028015029        9.2200000000000006     
   9.2300000000000004      -0.98109066913804532        9.2300000000000004     
   9.2400000000000002      -0.98297706974659937        9.2400000000000002     
   9.2500000000000000      -0.98476517346732362        9.2500000000000000     
   9.2599999999999998      -0.98645480149133602        9.2599999999999998     
   9.2699999999999996      -0.98804578485724226        9.2699999999999996     
   9.2799999999999994      -0.98953796446803144        9.2799999999999994     
   9.2900000000000009      -0.99093119110698635        9.2900000000000009     
   9.3000000000000007      -0.99222532545260345        9.3000000000000007     
   9.3100000000000005      -0.99342023809252711        9.3100000000000005     
   9.3200000000000003      -0.99451580953648888        9.3200000000000003     
   9.3300000000000001      -0.99551193022825746        9.3300000000000001     
   9.3399999999999999      -0.99640850055659369        9.3399999999999999     
   9.3499999999999996      -0.99720543086521196        9.3499999999999996     
   9.3599999999999994      -0.99790264146174534        9.3599999999999994     
   9.3700000000000010      -0.99850006262571556        9.3700000000000010     
   9.3800000000000008      -0.99899763461550362        9.3800000000000008     
   9.3900000000000006      -0.99939530767432549        9.3900000000000006     
   9.4000000000000004      -0.99969304203520648        9.4000000000000004     
   9.4100000000000001      -0.99989080792495877        9.4100000000000001     
   9.4199999999999999      -0.99998858556715808        9.4199999999999999     
   9.4299999999999997      -0.99998636518412176        9.4299999999999997     
   9.4399999999999995      -0.99988414699788619        9.4399999999999995     
   9.4500000000000011      -0.99968194123018483        9.4500000000000011     
   9.4600000000000009      -0.99937976810142604        9.4600000000000009     
   9.4700000000000006      -0.99897765782867065        9.4700000000000006     
   9.4800000000000004      -0.99847565062261112        9.4800000000000004     
   9.4900000000000002      -0.99787379668354959        9.4900000000000002     
   9.5000000000000000      -0.99717215619637845        9.5000000000000000     
   9.5099999999999998      -0.99637079932456174        9.5099999999999998     
   9.5199999999999996      -0.99546980620311876        9.5199999999999996     
   9.5299999999999994      -0.99446926693061088        9.5299999999999994     
   9.5400000000000009      -0.99336928156013138        9.5400000000000009     
   9.5500000000000007      -0.99216996008930092        9.5500000000000007     
   9.5600000000000005      -0.99087142244926718        9.5600000000000005     
   9.5700000000000003      -0.98947379849271200        9.5700000000000003     
   9.5800000000000001      -0.98797722798086618        9.5800000000000001     
   9.5899999999999999      -0.98638186056953403        9.5899999999999999     
   9.5999999999999996      -0.98468785579412699        9.5999999999999996     
   9.6099999999999994      -0.98289538305371105        9.6099999999999994     
   9.6200000000000010      -0.98100462159406610        9.6200000000000010     
   9.6300000000000008      -0.97901576048976324        9.6300000000000008     
   9.6400000000000006      -0.97692899862525517        9.6400000000000006     
   9.6500000000000004      -0.97474454467498928        9.6500000000000004     
   9.6600000000000001      -0.97246261708254045        9.6600000000000001     
   9.6699999999999999      -0.97008344403876612        9.6699999999999999     
   9.6799999999999997      -0.96760726345898806        9.6799999999999997     
   9.6899999999999995      -0.96503432295920077        9.6899999999999995     
   9.7000000000000011      -0.96236487983130969        9.7000000000000011     
   9.7100000000000009      -0.95959920101740415        9.7100000000000009     
   9.7200000000000006      -0.95673756308306002        9.7200000000000006     
   9.7300000000000004      -0.95378025218968632        9.7300000000000004     
   9.7400000000000002      -0.95072756406590786        9.7400000000000002     
   9.7500000000000000      -0.94757980397799324        9.7500000000000000     
   9.7599999999999998      -0.94433728669932793        9.7599999999999998     
   9.7699999999999996      -0.94100033647893777        9.7699999999999996     
   9.7799999999999994      -0.93756928700906417        9.7799999999999994     
   9.7900000000000009      -0.93404448139179408        9.7900000000000009     
   9.8000000000000007      -0.93042627210475326        9.8000000000000007     
   9.8100000000000005      -0.92671502096585456        9.8100000000000005     
   9.8200000000000003      -0.92291109909711933        9.8200000000000003     
   9.8300000000000001      -0.91901488688756439        9.8300000000000001     
   9.8399999999999999      -0.91502677395516385        9.8399999999999999     
   9.8499999999999996      -0.91094715910788759        9.8499999999999996     
   9.8599999999999994      -0.90677645030382059        9.8599999999999994     
   9.8700000000000010      -0.90251506461036701        9.8700000000000010     
   9.8800000000000008      -0.89816342816254646        9.8800000000000008     
   9.8900000000000006      -0.89372197612037685        9.8900000000000006     
   9.9000000000000004      -0.88919115262536086        9.9000000000000004     
   9.9100000000000001      -0.88457141075607260        9.9100000000000001     
   9.9199999999999999      -0.87986321248284916        9.9199999999999999     
   9.9299999999999997      -0.87506702862159425        9.9299999999999997     
   9.9399999999999995      -0.87018333878669729        9.9399999999999995     
   9.9500000000000011      -0.86521263134307114        9.9500000000000011     
   9.9600000000000009      -0.86015540335731966        9.9600000000000009     
   9.9700000000000006      -0.85501216054802631        9.9700000000000006     
   9.9800000000000004      -0.84978341723518580        9.9800000000000004     
   9.9900000000000002      -0.84446969628877244        9.9900000000000002     
   10.000000000000000      -0.83907152907645244        10.000000000000000     
